NAME: multi_modal_data
TYPE: MM

VEHICLES: 2
DIMENSION: 50

NUM_T: 3
NUM_D: 3

MAXIMUM_SYSTEM_DURATION: 300
UNIT: MIN

SERVICETIME: 5
UNIT: MIN

TAKEOFF_LANDING_TIME: 1
UNIT: MIN

MAX_WAITING_TIME: 15
UNIT: MIN

INIT_SOC: 100
MAX_SOC: 100
MIN_SOC_T: 3
MIN_SOC_D: 3
UNIT: %

DEMAND_T: 17
DEMAND_D: 0
UNIT: EA

MASS_T: 1940
MASS_D: 5
UNIT: KG

LIFT_TO_DRAG: 3
POWER_MOTOR_PROP: 0.5
UNIT: RATIO

POWER_ELEC: 0.1
UNIT: KW

CARGO_LIMIT_DRONE: 6
UNIT: KG

CARGO_LIMIT_TRUCK: 1000
UNIT: KG

BATTERY_KWH_T: 58.8
BATTERY_KWH_D: 0.36
UNIT: KWH 

ENERGY_KWH/KM_T: 0.3226 
ENERGY_KWH/KM_D: 0.0231
UNIT: KWH/KM

CHARGING_KW_D: 1.2
CHARGING_KW_T: 80
UNIT: KW 

LOSISTIC_KWH/KG_T: 0.001
LOSISTIC_KWH/KG_D: 0.001
UNIT: KWH/KG

SPEED_T: 1.0 
SPEED_D: 1.5
UNIT: KM/MIN

NODE_COORD_SECTION	
0	37.49267955	127.0306305
1	37.49233075	127.0745897
2	37.50528056	127.0289194
3	37.46682003	127.0969337
4	37.48005839	127.0641545
5	37.52269079	127.0328729
6	37.49828674	127.0301038
7	37.48811677	127.1030688
8	37.49012921	127.071565
9	37.48483867	127.0897795
10	37.46137037	127.1040205
11	37.50396606	127.0429099
12	37.4885025	127.0865469
13	37.49828846	127.0301032
14	37.51643246	127.0203269
15	37.47056578	127.1193125
16	37.52282078	127.0561406
17	37.52460119	127.0210076
18	37.48797908	127.1056314
19	37.49213604	127.0997527
20	37.5030427	127.0541314
21	37.5131779	127.065386
22	37.49812635	127.050691
23	37.49292753	127.0902766
24	37.49671719	127.071719
25	37.4893922	127.0506344
26	37.50796024	127.0303213
27	37.50288135	127.0413565
28	37.50015065	127.0334563
29	37.47463125	127.1161223
30	37.50937616	127.0423641
31	37.52794736	127.0438666
32	37.51909256	127.0496091
33	37.49835748	127.0614696
34	37.46450499	127.1026803
35	37.52012517	127.0447158
36	37.5103126	127.0463796
37	37.47974583	127.0878269
38	37.50463416	127.0250313
39	37.51871603	127.0469585
40	37.50159765	127.0377229
41	37.51642118	127.0304472
42	37.49086414	127.0553257
43	37.52643091	127.0284815
44	37.46287766	127.1014443
45	37.46438764	127.104165
46	37.48541153	127.0547066
47	37.49566238	127.0409102
48	37.52813664	127.0318383
49	37.5099099	127.0631778


DEMAND_SECTION
0	0
1	1
2	1
3	1
4	1
5	1
6	1
7	1
8	1
9	1
10	1
11	1
12	1
13	1
14	1
15	1
16	1
17	1
18	1
19	1
20	1
21	1
22	1
23	1
24	1
25	1
26	1
27	1
28	1
29	1
30	1
31	1
32	1
33	1
34	1
35	1
36	1
37	1
38	1
39	1
40	1
41	1
42	1
43	1
44	1
45	1
46	1
47	1
48	1
49	1


LOGISTIC_LOAD_SECTION
0	0
1	2
2	2
3	2
4	2
5	2
6	2
7	2
8	2
9	2
10	2
11	2
12	2
13	2
14	2
15	2
16	2
17	2
18	2
19	2
20	2
21	2
22	2
23	2
24	2
25	2
26	2
27	2
28	2
29	2
30	2
31	2
32	2
33	2
34	2
35	2
36	2
37	2
38	2
39	2
40	2
41	2
42	2
43	2
44	2
45	2
46	2
47	2
48	2
49	2



AVAILABILITY_LANDING_SPOT_SECTION
0	1
1	1
2	1
3	1
4	1
5	1
6	1
7	1
8	1
9	1
10	1
11	1
12	1
13	1
14	1
15	1
16	1
17	1
18	1
19	1
20	1
21	1
22	1
23	1
24	1
25	1
26	1
27	1
28	1
29	1
30	1
31	1
32	1
33	1
34	1
35	1
36	1
37	1
38	1
39	1
40	1
41	1
42	1
43	1
44	1
45	1
46	1
47	1
48	1
49	1


CUSTOMER_DRONE_PREFERENCE_SECTION
0	1
1	1
2	1
3	1
4	1
5	1
6	1
7	1
8	1
9	1
10	1
11	1
12	1
13	1
14	1
15	1
16	1
17	1
18	1
19	1
20	1
21	1
22	1
23	1
24	1
25	1
26	1
27	1
28	1
29	1
30	1
31	1
32	1
33	1
34	1
35	1
36	1
37	1
38	1
39	1
40	1
41	1
42	1
43	1
44	1
45	1
46	1
47	1
48	1
49	1

DEPOT_SECTION
0

EDGE_KM_D_TYPE: EUC_2D(haversine)
EDGE_KM_T_TYPE: MAN_2D(haversine)
EDGE_KM_D_FORMAT : FULL_MATRIX
EDGE_KM_D_FORMAT : FULL_MATRIX


EDGE_KM_D
0	3.878531336	1.409277903	6.519077848	3.273971416	3.342959044	0.625221045	6.411216873	3.622650683	5.291059997	7.352684153	1.65786698	4.955213839	0.625415707	2.79321802	8.202432303	4.036866142	3.649606596	6.637819916	6.098671581	2.371957669	3.82034746	1.870551454	5.262378541	3.65265831	1.802352358	1.699356474	1.477233034	0.867348316	7.805873196	2.125629553	4.091702372	3.380616888	2.792990926	7.087805876	3.2950402	2.403031549	5.247547149	1.418101569	3.233608582	1.172544494	2.640001969	2.18810765	3.757769088	7.073146993	7.211246467	2.272773562	0.965662328	3.944093016	3.451729126
3.878531336	0	4.278550595	3.454579261	1.646193136	4.99372086	3.980145207	2.555986805	0.362135578	1.578027584	4.312391204	3.079708843	1.13760877	3.980229186	5.485807434	4.629295035	3.760679614	5.934143124	2.781184063	2.220140511	2.162441395	2.456167709	2.2046954	1.385577633	0.549584192	2.138631954	4.274470259	3.157839042	3.731571103	4.159731822	3.416723009	4.798794655	3.702821256	1.337486241	3.964561633	4.061517335	3.192324213	1.822747414	4.581032862	3.814259479	3.411739449	4.726310756	1.707409244	5.560407642	4.042469138	4.057751997	1.915588417	2.994347992	5.483740572	2.198720623
1.409277903	4.278550595	0	7.369066342	4.186802481	1.967085271	0.784665587	6.814252829	4.122185647	5.830569694	8.231192431	1.24274894	5.415441746	0.784468987	1.45330451	8.860530806	3.09328701	2.258847681	7.035741593	6.417468133	2.237880478	3.334291531	2.078815251	5.584380227	3.893823124	2.605985912	0.322608701	1.129073924	0.696816735	8.414841346	1.270369825	2.844384818	2.385155854	2.972811843	7.931913694	2.160057676	1.638618065	5.922190015	0.350424299	2.182546228	0.877945439	1.246090279	2.827808006	2.352131973	7.948716892	8.047122565	3.171253778	1.504236811	2.554488979	3.06539529
6.519077848	3.454579261	7.369066342	0	3.245716819	8.39862708	6.856832	2.429188956	3.424774269	2.100695626	0.870877257	6.30734167	2.579328887	6.856975069	8.724368167	2.018458549	7.192194554	9.281613319	2.47480642	2.825985016	5.521424742	5.858244262	5.363521726	2.961862339	4.000245475	4.794960866	7.447815462	6.334551892	6.716203117	1.903180788	6.750835482	8.253315857	7.156610542	4.700001367	0.568768797	7.507071536	6.579036783	1.64671235	7.611115083	7.262206985	6.499991669	8.05160972	4.541861752	8.966867539	0.592159429	0.693163163	4.261368416	5.892666475	8.914332037	5.641600233
3.273971416	1.646193136	4.186802481	3.245716819	0	5.485198441	3.624095409	3.54862654	1.296744227	2.322729795	4.086091456	3.252737882	2.187561132	3.624246233	5.595373889	4.98061414	4.807233192	6.246483072	3.764236596	3.416014208	2.704407203	3.684328779	2.333971086	2.712924331	1.968946442	1.581234688	4.305281517	3.238234948	3.51101651	4.62536971	3.784606025	5.617706948	4.52610591	2.048511636	3.814485232	4.773853383	3.711656047	2.089158899	4.402476697	4.558366443	3.342835142	5.019087701	1.431976646	6.04077351	3.805177093	3.937477184	1.02435327	2.686376131	6.058613087	3.320459277
3.342959044	4.99372086	1.967085271	8.39862708	5.485198441	0	2.724580263	7.288416849	4.975740862	6.550921588	9.267916174	2.262486412	6.071935578	2.724394523	1.30712251	9.578450977	2.052031619	1.067734137	7.489295267	6.807758458	2.879060634	3.056399177	3.151324046	6.049092384	4.481275124	4.020473868	1.653352667	2.326338009	2.506880861	9.08265347	1.700790604	1.132068991	1.529271761	3.699100957	8.932551406	1.082706453	1.820316801	6.804727901	2.123594746	1.318526618	2.384145495	0.729235682	4.05546786	0.568274236	8.990786438	9.03272607	4.57085733	3.087908936	0.612386568	3.027162753
0.625221045	3.980145207	0.784665587	6.856832	3.624095409	2.724580263	0	6.535912197	3.76865648	5.473242095	7.706683047	1.294228239	5.097143793	0.000198445	2.194291008	8.45338772	3.56602571	3.034041244	6.761285635	6.182555277	2.184599598	3.525316287	1.816271963	5.341918242	3.67543638	2.063728605	1.07581671	1.11642894	0.361142781	8.03255475	1.640175267	3.51441524	2.883126732	2.767069756	7.424449226	2.749172042	1.961998467	5.494372921	0.835695763	2.714887486	0.766357875	2.016688008	2.37330108	3.132762823	7.424990504	7.544259627	2.600240252	0.997008744	3.322685818	3.190982457
6.411216873	2.555986805	6.814252829	2.429188956	3.54862654	7.288416849	6.535912197	0	2.788568175	1.227904755	2.975253674	5.592275912	1.458371279	6.535997355	7.94915934	2.421408481	5.659257184	8.29790971	0.226618816	0.534172596	4.62538818	4.337751387	4.753187406	1.248985449	2.926528612	4.628474633	6.786452045	5.686549362	6.285570828	1.890840439	5.853818102	6.847322896	5.839742954	3.84268456	2.625737592	6.258106143	5.576861616	1.635577812	7.125346085	6.006330258	5.956712653	7.13763151	4.223408394	7.838159048	2.810123809	2.640335139	4.277713311	5.547853021	7.699311778	4.272758602
3.622650683	0.362135578	4.122185647	3.424774269	1.296744227	4.975740862	3.76865648	2.788568175	0	1.711384971	4.292901927	2.959370361	1.33416578	3.768753854	5.383646714	4.741692229	3.881420198	5.880530022	3.015169547	2.496920687	2.104122404	2.620224066	2.045040886	1.679936362	0.732676949	1.848505188	4.143603039	3.018778856	3.541912748	4.292729936	3.349061137	4.863408104	3.758084915	1.276865804	3.956953322	4.090745528	3.158026549	1.841709755	4.410680367	3.849110316	3.24655355	4.658662835	1.435093102	5.544004901	4.016775262	4.05815896	1.577234069	2.773632362	5.490000154	2.320627107
5.291059997	1.578027584	5.830569694	2.100695626	2.322729795	6.550921588	5.473242095	1.227904755	1.711384971	0	2.896415467	4.649929869	0.497318561	5.473345215	7.06257315	3.051313337	5.161646393	7.506714102	1.4415939	1.196961987	3.740127062	3.815867027	3.751846959	0.900510148	2.069697979	3.490774897	5.841667996	4.719719896	5.252759132	2.586816488	4.994193228	6.27530841	5.202372114	2.915161505	2.531447342	5.585510754	4.762633597	0.591928433	6.121716157	5.334733565	4.956362105	6.303046218	3.112864478	7.115206842	2.650056931	2.604398701	3.095297363	4.476491212	7.021499957	3.644078076
7.352684153	4.312391204	8.231192431	0.870877257	4.086091456	9.267916174	7.706683047	2.975253674	4.292901927	2.896415467	0	7.177051805	3.388179955	7.706829664	9.59241538	1.693213541	8.033311434	10.15248232	2.962170722	3.441658789	6.391425893	6.693733548	6.232914054	3.712682471	4.855144261	5.648305478	8.314167431	7.202742333	7.573966471	1.820712735	7.621691046	9.108725892	8.015128033	5.568927233	0.368078722	8.37021853	7.448685141	2.493447497	8.46881283	8.124452646	7.364182777	8.922403673	5.405593547	9.83618287	0.282475544	0.335747897	5.10735884	6.749335746	9.781115184	6.48985403
1.65786698	3.079708843	1.24274894	6.30734167	3.252737882	2.262486412	1.294228239	5.592275912	2.959370361	4.649929869	7.177051805	0	4.216268251	1.29418112	2.426798377	7.696530806	2.399444438	2.999439767	5.811939426	5.184294607	0.995190994	2.231524824	0.944890425	4.355177499	2.6661991	1.757994851	1.195964281	0.182551511	0.935658396	7.236371849	0.603499947	2.667937246	1.782765184	1.752010295	6.860557199	1.803859944	0.769213358	4.791402828	1.578854142	1.678549436	0.527940702	1.768185376	1.822689924	2.803452271	6.895659182	6.97000196	2.310806632	0.940029272	2.859545284	1.906063102
4.955213839	1.13760877	5.415441746	2.579328887	2.187561132	6.071935578	5.097143793	1.458371279	1.33416578	0.497318561	3.388179955	4.216268251	0	5.097236277	6.61579553	3.51246341	4.664328462	7.038047929	1.684847778	1.233191964	3.285158024	3.318587926	3.339484534	0.591935718	1.595541557	3.170105507	5.411513396	4.295444882	4.859632147	3.031428673	4.536469461	5.780199714	4.71030468	2.468950628	3.024445745	5.09709375	4.293906254	0.980226937	5.715731366	4.845858919	4.546855788	5.841907039	2.767109593	6.634770002	3.138006744	3.099565244	2.830292332	4.104316197	6.535288897	3.149028079
0.625415707	3.980229186	0.784468987	6.856975069	3.624246233	2.724394523	0.000198445	6.535997355	3.768753854	5.473345215	7.706829664	1.29418112	5.097236277	0	2.194094339	8.453506673	3.565913466	3.033842799	6.761370152	6.182628975	2.18460464	3.525273154	1.816326759	5.341992123	3.675498297	2.063866709	1.07562643	1.116388487	0.361076413	8.032667319	1.64006638	3.514254032	2.883004838	2.767122118	7.424591596	2.749027915	1.961906841	5.494493704	0.835505893	2.714756433	0.766312437	2.016497569	2.373417204	3.13256935	7.42513675	7.544400983	2.600389728	0.997115341	3.322497203	3.19095336
2.79321802	5.485807434	1.45330451	8.724368167	5.595373889	1.30712251	2.194291008	7.94915934	5.383646714	7.06257315	9.59241538	2.426798377	6.61579553	2.194094339	0	10.11317448	3.237438852	0.910304268	8.163148243	7.509137496	3.332797121	3.990632726	3.364092411	6.701080311	5.035507839	4.023466437	1.290190962	2.389823148	2.149178475	9.645152839	2.096111346	2.43908486	2.599456549	4.148499072	9.280798693	2.189829468	2.39652376	7.218095978	1.375971853	2.362491933	2.252895783	0.892586824	4.196988151	1.324104806	9.3104207	9.391745494	4.593068785	2.937773937	1.650573129	3.848470482
8.202432303	4.629295035	8.860530806	2.018458549	4.98061414	9.578450977	8.45338772	2.421408481	4.741692229	3.051313337	1.693213541	7.696530806	3.51246341	8.453506673	10.11317448	0	8.051156966	10.55049647	2.281793938	2.954944165	6.790905936	6.714706475	6.786235195	3.570300758	5.107985685	6.411580005	8.884720136	7.760320634	8.258914268	0.532559252	8.044574245	9.220055614	8.181190921	5.966456803	1.615194787	8.583672368	7.806359189	2.960064834	9.140545444	8.331429282	7.983180409	9.352329901	6.080604444	10.13884456	1.793792321	1.503031645	5.935204771	7.459622919	10.02641879	6.608219199
4.036866142	3.760679614	3.09328701	7.192194554	4.807233192	2.052031619	3.56602571	5.659257184	3.881420198	5.161646393	8.033311434	2.399444438	4.664328462	3.565913466	3.237438852	8.051156966	0	3.104661415	5.83679741	5.142047999	2.206353679	1.347065398	2.787654054	4.485011181	3.211414516	3.748691798	2.813586818	2.572197956	3.218353486	7.530788859	1.926478927	1.223340796	0.709695323	2.760510751	7.675061074	1.051210551	1.63572567	5.545692589	3.4085681	0.929564079	2.864982776	2.375106331	3.554148112	2.472009247	7.771924183	7.756854657	4.161647469	3.305213811	2.223164921	1.564048401
3.649606596	5.934143124	2.258847681	9.281613319	6.246483072	1.067734137	3.034041244	8.29790971	5.880530022	7.506714102	10.15248232	2.999439767	7.038047929	3.033842799	0.910304268	10.55049647	3.104661415	0	8.503144146	7.827965707	3.779147943	4.114894229	3.939702592	7.052381411	5.442512148	4.707154342	2.024530933	3.009013609	2.932128546	10.06373707	2.532575384	2.049893199	2.595707368	4.610062676	9.827152039	2.149261791	2.744400452	7.721486537	2.248419895	2.380365751	2.952347587	1.233042358	4.820419803	0.689787317	9.872466803	9.9323883	5.275037879	3.665568457	1.032855346	4.062216339
6.637819916	2.781184063	7.035741593	2.47480642	3.764236596	7.489295267	6.761285635	0.226618816	3.015169547	1.4415939	2.962170722	5.811939426	1.684847778	6.761370152	8.163148243	2.281793938	5.83679741	8.503144146	0	0.694750777	4.842369825	4.522803511	4.976722328	1.462208584	3.145771269	4.854948179	7.005472437	5.90764288	6.509820583	1.749234758	6.067313313	7.030905729	6.032537502	4.063493123	2.623162201	6.453793272	5.787009307	1.818288107	7.347863825	6.202367153	6.179518878	7.34778529	4.450024465	8.036975865	2.815505176	2.626441782	4.502293909	5.773694016	7.893511167	4.469133201
6.098671581	2.220140511	6.417468133	2.825985016	3.416014208	6.807758458	6.182555277	0.534172596	2.496920687	1.196961987	3.441658789	5.184294607	1.233191964	6.182628975	7.509137496	2.954944165	5.142047999	7.827965707	0.694750777	0	4.203456004	3.82951027	4.379310338	0.840656249	2.525147908	4.344331202	6.372756653	5.288450661	5.916276651	2.423827536	5.41339556	6.336879553	5.343141673	3.447556183	3.083278623	5.766724807	5.123812922	1.733604386	6.736741963	5.515711249	5.572528719	6.683401593	3.922212888	7.352745718	3.256810598	3.109954502	4.044154613	5.206119565	7.204824711	3.783677576
2.371957669	2.162441395	2.237880478	5.521424742	2.704407203	2.879060634	2.184599598	4.62538818	2.104122404	3.740127062	6.391425893	0.995190994	3.285158024	2.18460464	3.332797121	6.790905936	2.206353679	3.779147943	4.842369825	4.203456004	0	1.501873708	0.625271337	3.381261453	1.703514318	1.548903902	2.170313212	1.127061307	1.85198966	6.316304827	1.254348258	2.913508444	1.828698915	0.830946759	6.059178116	2.073103487	1.058785943	3.943166388	2.573083668	1.854083409	1.456354817	2.564616355	1.358288558	3.446947663	6.113518331	6.161592223	1.961156022	1.426125767	3.413490798	1.104468382
3.82034746	2.456167709	3.334291531	5.858244262	3.684328779	3.056399177	3.525316287	4.337751387	2.620224066	3.815867027	6.693733548	2.231524824	3.318587926	3.525273154	3.990632726	6.714706475	1.347065398	4.114894229	4.522803511	3.82951027	1.501873708	0	2.116931149	3.145054515	1.913703466	2.947656419	3.146810501	2.409041983	3.167169503	6.197384741	2.074151801	2.509774789	1.539086829	1.683779041	6.333960294	1.979973018	1.706430967	4.211784554	3.684142378	1.738025383	2.759029106	3.102615529	2.635118699	3.572818937	6.434665597	6.414025369	3.228023151	2.90771599	3.394164399	0.412291932
1.870551454	2.2046954	2.078815251	5.363521726	2.333971086	3.151324046	1.816271963	4.753187406	2.045040886	3.751846959	6.232914054	0.944890425	3.339484534	1.816326759	3.364092411	6.786235195	2.787654054	3.939702592	4.976722328	4.379310338	0.625271337	2.116931149	0	3.539853102	1.861696655	0.971207347	2.103444286	0.97858971	1.536982663	6.336817529	1.450639329	3.370138408	2.333291769	0.951225273	5.917908304	2.502295518	1.407410577	3.861694322	2.376434794	2.313022313	1.20737138	2.706840373	0.905142183	3.707167461	5.951389852	6.028148391	1.457538651	0.905322044	3.728346732	1.711751128
5.262378541	1.385577633	5.584380227	2.961862339	2.712924331	6.049092384	5.341918242	1.248985449	1.679936362	0.900510148	3.712682471	4.355177499	0.591935718	5.341992123	6.701080311	3.570300758	4.485011181	7.052381411	1.462208584	0.840656249	3.381261453	3.145054515	3.539853102	0	1.690569265	3.519552352	5.546901399	4.455373202	5.076685239	3.05610974	4.605396469	5.649855851	4.618796953	2.612153387	3.344610023	5.029660799	4.328084101	1.481591317	5.901198329	4.777408185	4.735473434	5.888802288	3.092121782	6.602158513	3.483689753	3.401915368	3.247707061	4.365891631	6.472786128	3.046394195
3.65265831	0.549584192	3.893823124	4.000245475	1.968946442	4.481275124	3.67543638	2.926528612	0.732676949	2.069697979	4.855144261	2.6661991	1.595541557	3.675498297	5.035507839	5.107985685	3.211414516	5.442512148	3.145771269	2.525147908	1.703514318	1.913703466	1.861696655	1.690569265	0	2.030697544	3.85992938	2.76480461	3.397013088	4.623953566	2.947348944	4.253746712	3.161300586	0.922413351	4.504831476	3.528194301	2.698472648	2.362438654	4.211642657	3.279310632	3.047771339	4.249006071	1.585978742	5.045867667	4.586789365	4.595668968	1.957874621	2.72052774	4.95773667	1.649140627
1.802352358	2.138631954	2.605985912	4.794960866	1.581234688	4.020473868	2.063728605	4.628474633	1.848505188	3.490774897	5.648305478	1.757994851	3.170105507	2.063866709	4.023466437	6.411580005	3.748691798	4.707154342	4.854948179	4.344331202	1.548903902	2.947656419	0.971207347	3.519552352	2.030697544	0	2.733883287	1.708725015	1.930767044	6.007120679	2.33882571	4.328506961	3.303772135	1.381157609	5.362041779	3.457006116	2.356332594	3.452536805	2.823873604	3.276749057	1.771852824	3.493445515	0.445092958	4.558569611	5.366210299	5.481289267	0.570102671	1.105505464	4.616197321	2.535653241
1.699356474	4.274470259	0.322608701	7.447815462	4.305281517	1.653352667	1.07581671	6.786452045	4.143603039	5.841667996	8.314167431	1.195964281	5.411513396	1.07562643	1.290190962	8.884720136	2.813586818	2.024530933	7.005472437	6.372756653	2.170313212	3.146810501	2.103444286	5.546901399	3.85992938	2.733883287	0	1.125383984	0.911358855	8.428481061	1.073860628	2.523198501	2.103898344	2.947875498	8.006857569	1.855163014	1.440390871	5.965060079	0.595421323	1.893071591	0.962717662	0.940880436	2.911957464	2.060247504	8.03190165	8.119482672	3.303731784	1.656046644	2.247502265	2.906251716
1.477233034	3.157839042	1.129073924	6.334551892	3.238234948	2.326338009	1.11642894	5.686549362	3.018778856	4.719719896	7.202742333	0.182551511	4.295444882	1.116388487	2.389823148	7.760320634	2.572197956	3.009013609	5.90764288	5.288450661	1.127061307	2.409041983	0.97858971	4.455373202	2.76480461	1.708725015	1.125383984	0	0.760191935	7.306353842	0.727639611	2.795995547	1.944028727	1.84423161	6.891172072	1.940186747	0.937616788	4.840214791	1.453216951	1.828757712	0.35088192	1.786803002	1.817778331	2.854218243	6.920808495	7.002479721	2.271726142	0.803678921	2.93105686	2.077457887
0.867348316	3.731571103	0.696816735	6.716203117	3.51101651	2.506880861	0.361142781	6.285570828	3.541912748	5.252759132	7.573966471	0.935658396	4.859632147	0.361076413	2.149178475	8.258914268	3.218353486	2.932128546	6.509820583	5.916276651	1.85198966	3.167169503	1.536982663	5.076685239	3.397013088	1.930767044	0.911358855	0.760191935	0	7.826322799	1.292193124	3.224356815	2.54288032	2.479304425	7.281492336	2.432998195	1.605101041	5.306573731	0.894929619	2.383291167	0.409331328	1.828569151	2.18832255	2.954994447	7.291615427	7.398742473	2.490179923	0.825520805	3.115174891	2.837475337
7.805873196	4.159731822	8.414841346	1.903180788	4.62536971	9.08265347	8.03255475	1.890840439	4.292729936	2.586816488	1.820712735	7.236371849	3.031428673	8.032667319	9.645152839	0.532559252	7.530788859	10.06373707	1.749234758	2.423827536	6.316304827	6.197384741	6.336817529	3.05610974	4.623953566	6.007120679	8.428481061	7.306353842	7.826322799	0	7.567885782	8.704926416	7.672906101	5.496691557	1.635589199	8.07923154	7.321376041	2.560846407	8.70181878	7.82690044	7.53920849	8.872612879	5.660060876	9.641051129	1.840144709	1.552739379	5.550346715	7.036290842	9.522516178	6.099796308
2.125629553	3.416723009	1.270369825	6.750835482	3.784606025	1.700790604	1.640175267	5.853818102	3.349061137	4.994193228	7.621691046	0.603499947	4.536469461	1.64006638	2.096111346	8.044574245	1.926478927	2.532575384	6.067313313	5.41339556	1.254348258	2.074151801	1.450639329	4.605396469	2.947348944	2.33882571	1.073860628	0.727639611	1.292193124	7.567885782	0	2.069273388	1.25524202	2.083638725	7.294975198	1.21310105	0.369177615	5.190620555	1.617275162	1.114805246	0.956931516	1.310902031	2.354704564	2.257315633	7.34212743	7.399902807	2.87862723	1.530288872	2.283304819	1.836843829
4.091702372	4.798794655	2.844384818	8.253315857	5.617706948	1.132068991	3.51441524	6.847322896	4.863408104	6.27530841	9.108725892	2.667937246	5.780199714	3.514254032	2.43908486	9.220055614	1.223340796	2.049893199	7.030905729	6.336879553	2.913508444	2.509774789	3.370138408	5.649855851	4.253746712	4.328506961	2.523198501	2.795995547	3.224356815	8.704926416	2.069273388	0	1.107214966	3.63817769	8.757142775	0.873007134	1.973383919	6.615500695	3.078924373	1.062077472	2.979644147	1.744486458	4.245545169	1.367171267	8.840487691	8.845804797	4.825460034	3.599389079	1.06091057	2.631242812
3.380616888	3.702821256	2.385155854	7.156610542	4.52610591	1.529271761	2.883126732	5.839742954	3.758084915	5.202372114	8.015128033	1.782765184	4.71030468	2.883004838	2.599456549	8.181190921	0.709695323	2.595707368	6.032537502	5.343141673	1.828698915	1.539086829	2.333291769	4.618796953	3.161300586	3.303772135	2.103898344	1.944028727	2.54288032	7.672906101	1.25524202	1.107214966	0	2.531887325	7.665976738	0.446572387	1.01699221	5.523491849	2.698928887	0.237488475	2.209878256	1.715909549	3.179109445	2.034089178	7.745178963	7.756909281	3.772063759	2.715965458	1.862104334	1.573151351
2.792990926	1.337486241	2.972811843	4.700001367	2.048511636	3.699100957	2.767069756	3.84268456	1.276865804	2.915161505	5.568927233	1.752010295	2.468950628	2.767122118	4.148499072	5.966456803	2.760510751	4.610062676	4.063493123	3.447556183	0.830946759	1.683779041	0.951225273	2.612153387	0.922413351	1.381157609	2.947875498	1.84423161	2.479304425	5.496691557	2.083638725	3.63817769	2.531887325	0	5.233807835	2.835926772	1.881235085	3.113019594	3.289310468	2.600577621	2.125620023	3.394482461	0.994013207	4.267375063	5.292139808	5.334897484	1.55828675	1.838352	4.218432088	1.293379896
7.087805876	3.964561633	7.931913694	0.568768797	3.814485232	8.932551406	7.424449226	2.625737592	3.956953322	2.531447342	0.368078722	6.860557199	3.024445745	7.424591596	9.280798693	1.615194787	7.675061074	9.827152039	2.623162201	3.083278623	6.059178116	6.333960294	5.917908304	3.344610023	4.504831476	5.362041779	8.006857569	6.891172072	7.281492336	1.635589199	7.294975198	8.757142775	7.665976738	5.233807835	0	8.025159091	7.114827673	2.142488244	8.176324118	7.778523945	7.061405293	8.598873814	5.104172421	9.500791134	0.211290675	0.131686194	4.829792169	6.458514479	9.440485098	6.13500929
3.2950402	4.061517335	2.160057676	7.507071536	4.773853383	1.082706453	2.749172042	6.258106143	4.090745528	5.585510754	8.37021853	1.803859944	5.09709375	2.749027915	2.189829468	8.583672368	1.051210551	2.149261791	6.453793272	5.766724807	2.073103487	1.979973018	2.502295518	5.029660799	3.528194301	3.457006116	1.855163014	1.940186747	2.432998195	8.07923154	1.21310105	0.873007134	0.446572387	2.835926772	8.025159091	0	1.100933332	5.884198114	2.445720118	0.252336203	2.15052141	1.324109579	3.385611848	1.594172065	8.097609472	8.119218389	3.959321478	2.740776361	1.443358257	1.985375025
2.403031549	3.192324213	1.638618065	6.579036783	3.711656047	1.820316801	1.961998467	5.576861616	3.158026549	4.762633597	7.448685141	0.769213358	4.293906254	1.961906841	2.39652376	7.806359189	1.63572567	2.744400452	5.787009307	5.123812922	1.058785943	1.706430967	1.407410577	4.328084101	2.698472648	2.356332594	1.440390871	0.937616788	1.605101041	7.321376041	0.369177615	1.973383919	1.01699221	1.881235085	7.114827673	1.100933332	0	4.992300607	1.986133989	0.935814021	1.233763441	1.560807116	2.302074268	2.388306172	7.171181251	7.216130638	2.864667485	1.698978618	2.360680015	1.482362391
5.247547149	1.822747414	5.922190015	1.64671235	2.089158899	6.804727901	5.494372921	1.635577812	1.841709755	0.591928433	2.493447497	4.791402828	0.980226937	5.494493704	7.218095978	2.960064834	5.545692589	7.721486537	1.818288107	1.733604386	3.943166388	4.211784554	3.861694322	1.481591317	2.362438654	3.452536805	5.965060079	4.840214791	5.306573731	2.560846407	5.190620555	6.615500695	5.523491849	3.113019594	2.142488244	5.884198114	4.992300607	0	6.192967616	5.637003022	5.04435252	6.500371749	3.122862668	7.372506786	2.227619338	2.235021604	2.989588372	4.502006298	7.303821178	3.997365749
1.418101569	4.581032862	0.350424299	7.611115083	4.402476697	2.123594746	0.835695763	7.125346085	4.410680367	6.121716157	8.46881283	1.578854142	5.715731366	0.835505893	1.375971853	9.140545444	3.4085681	2.248419895	7.347863825	6.736741963	2.573083668	3.684142378	2.376434794	5.901198329	4.211642657	2.823873604	0.595421323	1.453216951	0.894929619	8.70181878	1.617275162	3.078924373	2.698928887	3.289310468	8.176324118	2.445720118	1.986133989	6.192967616	0	2.488450096	1.169374468	1.39500181	3.080102267	2.442719817	8.186474592	8.293445292	3.379774687	1.719721647	2.681433363	3.415596712
3.233608582	3.814259479	2.182546228	7.262206985	4.558366443	1.318526618	2.714887486	6.006330258	3.849110316	5.334733565	8.124452646	1.678549436	4.845858919	2.714756433	2.362491933	8.331429282	0.929564079	2.380365751	6.202367153	5.515711249	1.854083409	1.738025383	2.313022313	4.777408185	3.279310632	3.276749057	1.893071591	1.828757712	2.383291167	7.82690044	1.114805246	1.062077472	0.237488475	2.600577621	7.778523945	0.252336203	0.935814021	5.637003022	2.488450096	0	2.07047101	1.478422594	3.183729148	1.841511224	7.852383089	7.871979393	3.765842658	2.618381745	1.695692083	1.733575504
1.172544494	3.411739449	0.877945439	6.499991669	3.342835142	2.384145495	0.766357875	5.956712653	3.24655355	4.956362105	7.364182777	0.527940702	4.546855788	0.766312437	2.252895783	7.983180409	2.864982776	2.952347587	6.179518878	5.572528719	1.456354817	2.759029106	1.20737138	4.735473434	3.047771339	1.771852824	0.962717662	0.35088192	0.409331328	7.53920849	0.956931516	2.979644147	2.209878256	2.125620023	7.061405293	2.15052141	1.233763441	5.04435252	1.169374468	2.07047101	0	1.768831361	1.958599173	2.87912468	7.081754478	7.175668962	2.341898172	0.717374276	2.996299589	2.428175091
2.640001969	4.726310756	1.246090279	8.05160972	5.019087701	0.729235682	2.016688008	7.13763151	4.658662835	6.303046218	8.922403673	1.768185376	5.841907039	2.016497569	0.892586824	9.352329901	2.375106331	1.233042358	7.34778529	6.683401593	2.564616355	3.102615529	2.706840373	5.888802288	4.249006071	3.493445515	0.940880436	1.786803002	1.828569151	8.872612879	1.310902031	1.744486458	1.715909549	3.394482461	8.598873814	1.324109579	1.560807116	6.500371749	1.39500181	1.478422594	1.768831361	0	3.590569624	1.126452387	8.642069534	8.705073961	4.058252425	2.485952066	1.308465558	2.976292611
2.18810765	1.707409244	2.827808006	4.541861752	1.431976646	4.05546786	2.37330108	4.223408394	1.435093102	3.112864478	5.405593547	1.822689924	2.767109593	2.373417204	4.196988151	6.080604444	3.554148112	4.820419803	4.450024465	3.922212888	1.358288558	2.635118699	0.905142183	3.092121782	1.585978742	0.445092958	2.911957464	1.817778331	2.18832255	5.660060876	2.354704564	4.245545169	3.179109445	0.994013207	5.104172421	3.385611848	2.302074268	3.122862668	3.080102267	3.183729148	1.958599173	3.590569624	0	4.609501486	5.123160799	5.219327886	0.60875905	1.379187437	4.633473288	2.228198239
3.757769088	5.560407642	2.352131973	8.966867539	6.04077351	0.568274236	3.132762823	7.838159048	5.544004901	7.115206842	9.83618287	2.803452271	6.634770002	3.13256935	1.324104806	10.13884456	2.472009247	0.689787317	8.036975865	7.352745718	3.446947663	3.572818937	3.707167461	6.602158513	5.045867667	4.558569611	2.060247504	2.854218243	2.954994447	9.641051129	2.257315633	1.367171267	2.034089178	4.267375063	9.500791134	1.594172065	2.388306172	7.372506786	2.442719817	1.841511224	2.87912468	1.126452387	4.609501486	0	9.559026556	9.600883748	5.114249565	3.592651229	0.351569665	3.569135263
7.073146993	4.042469138	7.948716892	0.592159429	3.805177093	8.990786438	7.424990504	2.810123809	4.016775262	2.650056931	0.282475544	6.895659182	3.138006744	7.42513675	9.3104207	1.793792321	7.771924183	9.872466803	2.815505176	3.256810598	6.113518331	6.434665597	5.951389852	3.483689753	4.586789365	5.366210299	8.03190165	6.920808495	7.291615427	1.840144709	7.34212743	8.840487691	7.745178963	5.292139808	0.211290675	8.097609472	7.171181251	2.227619338	8.186474592	7.852383089	7.081754478	8.642069534	5.123160799	9.559026556	0	0.293006899	4.825939951	6.467035557	9.506097601	6.224965786
7.211246467	4.057751997	8.047122565	0.693163163	3.937477184	9.03272607	7.544259627	2.640335139	4.05815896	2.604398701	0.335747897	6.97000196	3.099565244	7.544400983	9.391745494	1.503031645	7.756854657	9.9323883	2.626441782	3.109954502	6.161592223	6.414025369	6.028148391	3.401915368	4.595668968	5.481289267	8.119482672	7.002479721	7.398742473	1.552739379	7.399902807	8.845804797	7.756909281	5.334897484	0.131686194	8.119218389	7.216130638	2.235021604	8.293445292	7.871979393	7.175668962	8.705073961	5.219327886	9.600883748	0.293006899	0	4.951189241	6.576350691	9.537401177	6.22098147
2.272773562	1.915588417	3.171253778	4.261368416	1.02435327	4.57085733	2.600240252	4.277713311	1.577234069	3.095297363	5.10735884	2.310806632	2.830292332	2.600389728	4.593068785	5.935204771	4.161647469	5.275037879	4.502293909	4.044154613	1.961156022	3.228023151	1.457538651	3.247707061	1.957874621	0.570102671	3.303731784	2.271726142	2.490179923	5.550346715	2.87862723	4.825460034	3.772063759	1.55828675	4.829792169	3.959321478	2.864667485	2.989588372	3.379774687	3.765842658	2.341898172	4.058252425	0.60875905	5.114249565	4.825939951	4.951189241	0	1.667601885	5.161333454	2.824749363
0.965662328	2.994347992	1.504236811	5.892666475	2.686376131	3.087908936	0.997008744	5.547853021	2.773632362	4.476491212	6.749335746	0.940029272	4.104316197	0.997115341	2.937773937	7.459622919	3.305213811	3.665568457	5.773694016	5.206119565	1.426125767	2.90771599	0.905322044	4.365891631	2.72052774	1.105505464	1.656046644	0.803678921	0.825520805	7.036290842	1.530288872	3.599389079	2.715965458	1.838352	6.458514479	2.740776361	1.698978618	4.502006298	1.719721647	2.618381745	0.717374276	2.485952066	1.379187437	3.592651229	6.467035557	6.576350691	1.667601885	0	3.698571445	2.523561824
3.944093016	5.483740572	2.554488979	8.914332037	6.058613087	0.612386568	3.322685818	7.699311778	5.490000154	7.021499957	9.781115184	2.859545284	6.535288897	3.322497203	1.650573129	10.02641879	2.223164921	1.032855346	7.893511167	7.204824711	3.413490798	3.394164399	3.728346732	6.472786128	4.95773667	4.616197321	2.247502265	2.93105686	3.115174891	9.522516178	2.283304819	1.06091057	1.862104334	4.218432088	9.440485098	1.443358257	2.360680015	7.303821178	2.681433363	1.695692083	2.996299589	1.308465558	4.633473288	0.351569665	9.506097601	9.537401177	5.161333454	3.698571445	0	3.427411461
3.451729126	2.198720623	3.06539529	5.641600233	3.320459277	3.027162753	3.190982457	4.272758602	2.320627107	3.644078076	6.48985403	1.906063102	3.149028079	3.19095336	3.848470482	6.608219199	1.564048401	4.062216339	4.469133201	3.783677576	1.104468382	0.412291932	1.711751128	3.046394195	1.649140627	2.535653241	2.906251716	2.077457887	2.837475337	6.099796308	1.836843829	2.631242812	1.573151351	1.293379896	6.13500929	1.985375025	1.482362391	3.997365749	3.415596712	1.733575504	2.428175091	2.976292611	2.228198239	3.569135263	6.224965786	6.22098147	2.824749363	2.523561824	3.427411461	0



EDGE_KM_T
0	3.917113198	1.552133204	8.725093286	4.361087113	3.534939406	0.669960385	6.898273637	3.895057539	6.090325353	9.956306062	2.338362262	5.397727304	0.670204575	3.550248398	10.28296801	5.602201285	4.398515796	7.139671085	6.158785575	3.225713145	5.345641756	2.375507736	5.28988919	4.07402473	2.130393949	1.726416917	2.080698143	1.080057567	9.549450356	2.891785213	5.089370306	4.611395823	3.352157089	9.489511751	4.294502471	3.350182776	6.484354737	1.823286801	4.335676669	1.617380347	2.656124212	2.380614387	3.942582075	9.561415962	9.633549086	2.932297302	1.238609094	4.049212891	4.787436387
3.91713131	0	5.469265214	4.807989375	2.285282513	7.056395464	4.58709191	2.981172286	0.511657745	2.173218463	6.039205109	4.08877278	1.480619069	4.587336101	7.467383923	6.36587346	5.018032517	8.315651042	3.222570805	2.24168284	2.996071099	3.130106597	2.752930061	1.450352195	0.741021064	2.440233751	5.643548353	4.105208705	4.498571713	5.632354465	4.73850306	6.670969498	5.179721225	1.827677301	5.572410238	5.726258894	4.488358888	2.567247034	5.740420402	5.371704903	4.283045744	6.573255596	1.862666407	7.859714265	5.644313933	5.716448193	2.52359056	3.341870042	7.753225859	2.961541834
1.552107731	5.468566507	0	10.27621396	5.912695772	2.284673119	0.882155188	8.449302972	5.446555878	7.641552529	11.50732123	1.38027842	6.949002604	0.881911006	1.997987278	11.83375552	4.351588611	2.846264809	8.690662271	7.709864278	2.472808427	4.094891446	2.7160021	6.785960654	4.727589368	3.682203882	0.421629882	1.363866258	0.970624103	11.10028536	1.641377631	3.838940355	3.360880385	3.641089954	11.04054687	3.044059879	2.099715414	8.035610981	0.414848714	3.08520069	1.186084804	1.373550518	3.93235448	2.390442352	11.11246948	11.1845621	4.484046613	2.127211749	2.798962006	3.53671895
8.727118005	4.808662494	10.27930345	0	4.365007251	11.86631461	9.397094471	2.909553163	4.830810523	2.634986437	1.231429231	8.898389589	3.327683214	9.39733868	12.27768098	2.391576223	9.827250774	13.1259276	3.120407983	3.063809916	7.805349881	7.939046347	7.562312479	3.49055573	5.549770037	6.596113268	10.45354436	8.914872307	9.308473289	2.562081643	9.54813631	11.48055749	9.989136233	6.636735028	0.764593985	10.5358213	9.29787118	2.241016689	10.55057576	10.18119976	9.0928188	11.38324781	6.345749579	12.66976569	0.836460445	0.908676669	5.794085568	8.151547087	12.56317617	7.770548104
4.361586837	2.285433766	5.913745545	4.364494885	0	7.500818487	5.031555072	4.329871137	1.77373218	2.792707518	5.595813333	4.533050314	2.914861013	5.031799272	7.911988807	5.922703316	5.462118272	8.760246059	4.540685896	4.48417973	3.440185978	3.7913948	3.197094808	3.736013328	2.519872188	2.230894712	6.088008363	4.549508756	4.942986279	5.189138085	5.182788505	7.115233164	5.623901654	2.271685814	5.128999038	6.170510251	4.932586129	2.123620552	6.184957093	5.815923752	4.727398465	7.017713781	1.980604341	8.304200943	5.200884819	5.273058511	1.428930655	3.786176562	8.197663879	3.405525588
3.534859885	7.054898892	2.284591773	11.86208661	7.499242864	0	2.957817708	10.0350494	7.032950496	9.227572383	13.09304807	2.967262628	8.535088969	2.957679366	1.802329425	13.41916774	2.066436748	1.258829949	10.27635597	9.295678933	4.059561748	3.925122489	4.302826208	8.371970279	6.313980818	5.269029155	1.862990736	2.950882428	2.557802823	12.68576321	2.317551927	1.554041035	1.876073857	5.227692288	12.62630129	1.329711729	2.567552048	9.62167101	2.699360487	1.684185267	2.773175737	0.911072691	5.519083228	0.803161272	12.69824933	12.77028597	6.070788098	3.714237101	0.696793281	4.093766472
0.669956896	4.586778913	0.882164974	9.394610996	5.03082195	2.957897565	0	7.567750708	4.56474329	6.759890452	10.62577683	1.761253937	6.067313816	0.000244187	2.880223253	10.95233749	5.025005321	3.728495159	7.809131182	6.828284612	2.64853049	4.768384552	1.834017027	5.904302685	3.845778053	2.800218341	1.094833244	1.503600108	0.503011861	10.21884096	2.314680504	4.512255643	4.034243124	2.774925826	10.1589914	3.717382184	2.773051468	7.15393277	1.153292816	3.758541527	1.04030638	2.04675492	3.050407705	3.272610945	10.23090379	10.3030189	3.602094721	1.245145856	3.472177902	4.21019381
6.89866404	2.981314039	8.450806454	2.909398879	4.32950079	10.03791704	7.568627259	0	3.003386002	1.537037161	3.058037561	7.070244435	1.50063546	7.568871453	10.44896789	3.384782052	7.999438354	11.29723163	0.241411277	0.739505954	5.977486932	6.111466434	5.73436301	1.66360177	3.722349389	4.768162375	8.625082621	7.086688088	7.480090389	2.651247171	7.71997743	9.652436395	8.161159556	4.809056625	2.659791525	8.707721566	7.469813284	2.275615814	8.721980977	8.353156419	7.2645432	9.554789238	4.517916666	10.84125768	2.949796163	2.735281365	4.567855843	6.323351644	10.73475258	5.942912659
3.895180854	0.511665611	5.447319209	4.830112254	1.773644039	7.034439176	4.565142824	3.003311118	0	2.195322739	6.061346416	4.066790388	1.50271494	4.565387016	7.445460264	6.388054528	4.996015717	8.293725613	3.2447163	2.710112295	2.974059525	3.108065754	2.730927434	1.962058598	0.746138177	1.928630437	5.621598702	4.083230354	4.476613907	5.654527239	4.716522088	6.648984618	5.157721411	1.805646643	5.59454806	5.704271806	4.466367473	2.589346233	5.718484508	5.349711982	4.261076843	6.551305617	1.514492094	7.837769398	5.666448541	5.738589875	2.011976656	3.319892851	7.731272261	2.939506734
6.09087314	2.173352879	7.643022183	2.634834223	2.792562856	9.230117455	6.7608384	1.537088613	2.195436555	0	3.866112674	6.262405969	0.692628	6.761082596	9.641216908	4.192916362	7.191548642	10.48947801	1.74788891	1.691415921	5.169605003	5.303540917	4.926494405	0.943303004	2.914399346	3.96029399	7.817292919	6.278855639	6.672288542	3.459369133	6.912141078	8.844594223	7.353295141	4.001146274	3.399305942	7.899876106	6.661961379	0.738586213	7.914211768	7.545302271	6.456724826	8.746999048	3.71003011	10.03347511	3.471198699	3.543357037	3.158352928	5.515520924	9.926957003	5.134995693
9.959019324	6.040281053	11.51121578	1.231474822	5.596692936	13.09820151	10.62899918	3.058067617	6.062448539	3.866507282	0	10.13021193	4.559224854	10.62924339	13.50964857	2.372196133	11.05898801	14.35789081	3.100939876	3.797678297	9.037100038	9.17072411	8.794084766	4.722073377	6.781407062	7.827885919	11.68544767	10.14670464	10.54035643	2.542681029	10.77996216	12.71237367	11.22091548	7.868437983	0.466843868	11.76763202	10.5296712	3.472550095	11.78251309	11.41299605	10.3246745	12.61515031	7.577492054	13.90168083	0.39498536	0.348259526	7.025832026	9.383382286	13.79506972	9.002240071
