NAME: multi_modal_data
TYPE: MM

VEHICLES: 2
DIMENSION: 50

NUM_T: 1
NUM_D: 1

MAXIMUM_SYSTEM_DURATION: 9999999999
UNIT: MIN

SERVICETIME: 5
UNIT: MIN

TAKEOFF_LANDING_TIME: 1
UNIT: MIN

MAX_WAITING_TIME: 99999999999
UNIT: MIN

INIT_SOC: 100
MAX_SOC: 100
MIN_SOC_T: 5
MIN_SOC_D: 5
UNIT: %

DEMAND_T: 50
DEMAND_D: 0
UNIT: EA

MASS_T: 1940
MASS_D: 50
UNIT: KG

LIFT_TO_DRAG: 6
POWER_MOTOR_PROP: 0.7
UNIT: RATIO

POWER_ELEC: 0.2
UNIT: KW

CARGO_LIMIT_TRUCK: 99999999999999
UNIT: KG

CARGO_LIMIT_DRONE: 30
UNIT: KG

BATTERY_KWH_T: 58.8
BATTERY_KWH_D: 1.0
UNIT: KWH 

ENERGY_KWH/KM_T: 0.3226
ENERGY_KWH/KM_D: 0.165
UNIT: KWH/KM

CHARGING_KW_D: 1.2
CHARGING_KW_T: 80
UNIT: KW 

LOSISTIC_KWH/KG_T: 0.001
LOSISTIC_KWH/KG_D: 0.001
UNIT: KWH/KG

SPEED_T: 1.0
SPEED_D: 1.5
UNIT: KM/MIN

ALTITUDE: 20
UNIT: M

DEMAND_SECTION
0   0
1   1
2   1
3   1
4   1
5   1
6   1
7   1
8   1
9   1
10   1
11   1
12   1
13   1
14   1
15   1
16   1
17   1
18   1
19   1
20   1
21   1
22   1
23   1
24   1
25   1
26   1
27   1
28   1
29   1
30   1
31   1
32   1
33   1
34   1
35   1
36   1
37   1
38   1
39   1
40   1
41   1
42   1
43   1
44   1
45   1
46   1
47   1
48   1
49   1

LOGISTIC_LOAD_SECTION
0	0
1	0
2	0
3	0
4	0
5	0
6	0
7	0
8	0
9	0
10	0
11	0
12	0
13	0
14	0
15	0
16	0
17	0
18	0
19	0
20	0
21	0
22	0
23	0
24	0
25	0
26	0
27	0
28	0
29	0
30	0
31	0
32	0
33	0
34	0
35	0
36	0
37	0
38	0
39	0
40	0
41	0
42	0
43	0
44	0
45	0
46	0
47	0
48	0
49	0

AVAILABILITY_LANDING_SPOT_SECTION
0	1
1	1
2	1
3	1
4	1
5	1
6	1
7	1
8	1
9	1
10	1
11	1
12	1
13	1
14	1
15	1
16	1
17	1
18	1
19	1
20	1
21	1
22	1
23	1
24	1
25	1
26	1
27	1
28	1
29	1
30	1
31	1
32	1
33	1
34	1
35	1
36	1
37	1
38	1
39	1
40	1
41	1
42	1
43	1
44	1
45	1
46	1
47	1
48	1
49	1

CUSTOMER_DRONE_PREFERENCE_SECTION
0	1
1	1
2	1
3	1
4	1
5	1
6	1
7	1
8	1
9	1
10	1
11	1
12	1
13	1
14	1
15	1
16	1
17	1
18	1
19	1
20	1
21	1
22	1
23	1
24	1
25	1
26	1
27	1
28	1
29	1
30	1
31	1
32	1
33	1
34	1
35	1
36	1
37	1
38	1
39	1
40	1
41	1
42	1
43	1
44	1
45	1
46	1
47	1
48	1
49	1

PRICE_SECTION
0	3
1	3
2	3
3	3
4	3
5	3
6	3
7	3
8	3
9	3
10	3
11	3
12	3
13	3
14	3
15	3
16	3
17	3
18	3
19	3
20	3
21	3
22	3
23	3
24	3
25	3
26	3
27	3
28	3
29	3
30	3
31	3
32	3
33	3
34	3
35	3
36	3
37	3
38	3
39	3
40	3
41	3
42	3
43	3
44	3
45	3
46	3
47	3
48	3
49	3

PRIORITY_DELIVERY_TIME_SECTION
0	0
1	0
2	0
3	0
4	0
5	0
6	0
7	0
8	0
9	0
10	0
11	0
12	0
13	0
14	0
15	0
16	0
17	0
18	0
19	0
20	0
21	0
22	0
23	0
24	0
25	0
26	0
27	0
28	0
29	0
30	0
31	0
32	0
33	0
34	0
35	0
36	0
37	0
38	0
39	0
40	0
41	0
42	0
43	0
44	0
45	0
46	0
47	0
48	0
49	0

DEPOT_SECTION
0

EDGE_KM_D_TYPE: EUC_2D(haversine)
EDGE_KM_T_TYPE: MAN_2D(haversine)
EDGE_KM_D_FORMAT : FULL_MATRIX
EDGE_KM_T_FORMAT : FULL_MATRIX

NODE_COORD_SECTION
0	37.49823294	127.06166060
1	37.50675120	127.03729210
2	37.51666818	127.04248336
3	37.48072763	127.06740153
4	37.51916191	127.02949915
5	37.51095587	127.06008940
6	37.45985852	127.10317702
7	37.48120900	127.05761180
8	37.48938188	127.09472253
9	37.47981910	127.09409240
10	37.47033388	127.09405769
11	37.48624124	127.07310032
12	37.48248094	127.05392916
13	37.49062965	127.03690578
14	37.50828510	127.04734922
15	37.52308282	127.04660095
16	37.52847047	127.02270806
17	37.49529099	127.05570414
18	37.47074853	127.06807634
19	37.47705431	127.11304011
20	37.51327735	127.02613178
21	37.51416634	127.06506627
22	37.48084717	127.07060797
23	37.52754631	127.05768111
24	37.46781198	127.09586295
25	37.50173047	127.06183458
26	37.47577666	127.11445036
27	37.53028931	127.04538191
28	37.50717036	127.04166229
29	37.47195061	127.10096347
30	37.49080798	127.07289081
31	37.52055092	127.06021353
32	37.46969045	127.11260678
33	37.48021511	127.04874454
34	37.51124815	127.03062314
35	37.51391656	127.05507784
36	37.49459433	127.04885547
37	37.49454759	127.09493726
38	37.48053407	127.09089789
39	37.51669500	127.05284761
40	37.48655504	127.06537233
41	37.52488659	127.03461523
42	37.50556050	127.04151262
43	37.52251558	127.02255588
44	37.51887790	127.05047829
45	37.48000504	127.09351375
46	37.48001723	127.05716523
47	37.50189188	127.06045858
48	37.52757272	127.01433251
49	37.52501357	127.03618622

EDGE_KM_D
0.00000000	2.34907046	2.65774323	2.01132776	3.66927844	1.42150020	5.62394739	1.92638888	3.07843210	3.51856597	4.21845168	1.67231989	1.87968413	2.34189187	1.68616385	3.06588363	4.80713889	0.61898830	3.10811824	5.10848308	3.55252789	1.79700494	2.08817929	3.27834706	4.53323326	0.38921086	5.28487555	3.84281242	2.02479062	4.53507971	1.28967799	2.48493014	5.50277039	2.30491422	3.09682552	1.83806967	1.19995110	2.96417183	3.24460030	2.19514803	1.33918007	3.80452557	1.95521065	4.38037934	2.49855177	3.46503616	2.06396499	0.42044707	5.29804582	3.73046922
2.34907046	0.00000000	1.19400574	3.92808358	1.54171367	2.06450731	7.80926732	3.35861149	5.42211740	5.83784812	6.44069075	3.89624224	3.07205595	1.79296096	0.90336731	1.99297241	2.73624708	2.06446563	4.83774464	7.45429161	1.22296600	2.58484347	4.11533830	2.92924546	6.74195766	2.23576420	7.62916739	2.71282703	0.38829590	6.82149078	3.60629302	2.53806978	7.81917643	3.11887888	0.77205634	1.75951936	1.69347987	5.26317744	5.55564345	1.76212467	3.34366025	2.03034073	0.39513279	2.18220890	1.78071285	5.78342051	3.45122140	2.11378572	3.07585003	2.03302725
2.65774323	1.19400574	0.00000000	4.56109530	1.17824686	1.67774929	8.28133542	4.16263408	5.51735837	6.12518558	6.87373820	4.32916445	3.93326554	2.93686373	1.02621354	0.80039812	2.18260788	2.64770542	5.58299789	7.62548797	1.49066918	2.01111893	4.69266994	1.80541732	7.18971304	2.38168322	7.80927903	1.53602153	1.05859092	7.16541757	3.93236542	1.62221961	8.09700536	4.09086304	1.20727058	1.15218816	2.51804046	5.24013828	5.86394051	0.91410390	3.91011253	1.14744349	1.23808417	1.87390024	0.74670537	6.07343546	4.27627446	2.28330996	2.76292734	1.08145538
2.01132776	3.92808358	4.56109530	0.00000000	5.42627315	3.42257464	3.91831801	0.86549795	2.59563312	2.35737576	2.62088144	0.79292119	1.20466551	2.90732006	3.53826426	5.05451188	6.61257664	1.92029921	1.11122358	4.04789568	5.13376483	3.72392321	0.28324712	5.27614858	2.89325234	2.38650067	4.18805501	5.84329096	3.71510546	3.11833186	1.22105198	4.47332389	4.17371392	1.64728070	4.69523008	3.84725646	2.24835891	2.87472608	2.07342708	4.20043089	0.67226186	5.69872503	3.58352163	6.10257780	4.49715607	2.30554732	0.90670115	2.43177481	7.00342282	5.64197658
3.66927844	1.54171367	1.17824686	5.42627315	0.00000000	2.84815711	9.25965736	4.89492876	6.63836308	7.18389975	7.86881132	5.30976046	4.61309886	3.23922121	1.98531391	1.56999343	1.19584260	3.51973050	6.36893432	8.73145414	0.71858041	3.18572673	5.59487013	2.65445997	8.17818098	3.44842637	8.91286071	1.86890453	1.71139480	8.20419064	4.95892980	2.71320907	9.16623100	4.65159559	0.88553818	2.33015382	3.22147630	6.38824535	6.91278579	2.07742647	4.81247841	0.78024292	1.84666533	0.71695712	1.85051492	7.13082838	4.99025496	3.33838022	1.63207784	0.87816338
1.42150020	2.06450731	1.67774929	3.42257464	2.84815711	0.00000000	6.83639259	3.31491961	3.88448402	4.58106781	5.42076754	2.97821392	3.21257334	3.04813123	1.16233381	1.79821526	3.82906973	1.78429538	4.52605043	6.00280763	3.00625539	0.56580626	3.47416462	1.85696256	5.74256592	1.03730561	6.18896648	2.51077986	1.67900683	5.64056040	2.50887346	1.06697866	6.52104244	3.56173708	2.59924116	0.55115553	2.07171119	3.57473336	4.33941089	0.90289999	2.75298745	2.72895859	1.74498033	3.55114606	1.22251892	4.53207979	3.44988373	1.00839752	4.43838286	2.62445450
5.62394739	7.80926732	8.28133542	3.91831801	9.25965736	6.83639259	0.00000000	4.66972722	3.36656518	2.35988393	1.41582926	3.95615170	5.02165187	6.77559034	7.29805565	8.62204316	10.42142990	5.75083500	3.32616763	2.10089958	9.02741808	6.91185497	3.70247137	8.52994408	1.09492327	5.91490830	2.03048059	9.34513382	7.55896505	1.35869964	4.35734225	7.74038808	1.37400013	5.31037954	8.58108246	7.35817501	6.15602162	3.92518730	2.54161537	7.72402648	4.46569547	9.42730470	7.44517916	9.95670359	8.04283581	2.39702911	4.63826127	6.00451269	10.86882604	9.34991039
1.92638888	3.35861149	4.16263408	0.86549795	4.89492876	3.31491961	4.66972722	0.00000000	3.39821342	3.22275691	3.43601339	1.47676568	0.35439533	2.10597398	3.14391955	4.75639640	6.09074824	1.57486833	1.48515302	4.91285417	4.51972742	3.72323313	1.14748026	5.15248487	3.68964940	2.31210050	5.05181372	5.56309221	3.21146087	3.96165364	1.71950191	4.38064457	5.01925413	0.79021132	4.10195420	3.64378287	1.67695167	3.61185435	2.93810970	3.96818873	0.90679109	5.26337331	3.05767636	5.53712125	4.23560524	3.17081221	0.13825375	2.31350797	6.41509919	5.22469011
3.07843210	5.42211740	5.51735837	2.59563312	6.63836308	3.88448402	3.36656518	3.39821342	0.00000000	1.06478636	2.11885584	1.93945722	3.68023323	5.10298844	4.67801714	5.66224864	7.69684175	3.50458400	3.13391236	2.11928581	6.60845455	3.79988748	2.32978539	5.35577189	2.40057729	3.20995557	2.30625763	6.29535968	5.08168157	2.01498534	1.93269981	4.61286074	2.69903465	4.18295683	6.15521413	4.43548529	4.08798422	0.57471372	1.04010147	4.78215349	2.60860997	6.61039145	5.02708994	7.35511568	5.09800160	1.04809971	3.47362211	3.32754791	8.26532531	6.50835448
3.51856597	5.83784812	6.12518558	2.35737576	7.18389975	4.58106781	2.35988393	3.22275691	1.06478636	0.00000000	1.05471420	1.98516813	3.55631311	5.18704105	5.19858625	6.37923427	8.30166107	3.79894095	2.50760031	1.70002067	7.05606428	4.59824079	2.07542215	6.20331469	1.34424472	3.74648713	1.85183316	7.06806106	5.53589319	1.06450183	2.23441520	5.42638848	1.98440607	4.00176502	6.60050132	5.12072781	4.31625997	1.63943075	0.29288152	5.48203154	2.64253985	7.25542236	5.45088091	7.89710212	5.80228201	0.05508763	3.25855481	3.85093354	8.81468322	7.16573829
4.21845168	6.44069075	6.87373820	2.62088144	7.86881132	5.42076754	1.41582926	3.43601339	2.11885584	1.05471420	0.00000000	2.55905477	3.78998948	5.52501824	5.89843363	7.20634660	9.02263752	4.37654233	2.29336383	1.83428204	7.66264798	5.50434160	2.37671824	7.12530195	0.32252164	4.50240468	1.89866854	7.92994835	6.17643494	0.63540336	2.94474717	6.33205168	1.63856444	4.14692044	7.21253256	5.94243179	4.81515608	2.69356327	1.16798314	6.30824767	3.10816533	8.01846832	6.06932176	8.57075312	6.62712068	1.07645545	3.42906074	4.59373228	9.48552606	7.93932843
1.67231989	3.89624224	4.32916445	0.79292119	5.30976046	2.97821392	3.95615170	1.47676568	1.93945722	1.98516813	2.55905477	0.00000000	1.74248681	3.23053413	3.34202786	4.71659648	6.46587840	1.83529603	1.77884251	3.66930080	5.11915981	3.18499046	0.63883966	4.79007504	2.86952055	1.98853277	3.82975497	5.47426229	3.62052223	2.92749638	0.50813464	3.98083059	3.94212177	2.25111788	4.66626513	3.46379484	2.33203397	2.13658838	1.69377621	3.82870903	0.68275612	5.47633663	3.51861095	6.01237148	4.14152546	1.93008836	1.56715965	2.06699196	6.92777667	5.40278743
1.87968413	3.07205595	3.93326554	1.20466551	4.61309886	3.21257334	5.02165187	0.35439533	3.68023323	3.55631311	3.78998948	1.74248681	0.00000000	1.75416054	2.92742739	4.56077568	5.80824554	1.43299776	1.80567977	5.25078929	4.21191302	3.65768800	1.48288583	5.02196520	4.04404089	2.25122097	5.39226982	5.36925318	2.95095008	4.31249676	1.91217099	4.26934040	5.36979138	0.52227566	3.80257496	3.49695410	1.41938969	3.85894153	3.26925300	3.80563124	1.10666356	5.01365709	2.79034906	5.24181653	4.05859552	3.50374354	0.39571157	2.23395250	6.11065625	4.98167645
2.34189187	1.79296096	2.93686373	2.90732006	3.23922121	3.04813123	6.77559034	2.10597398	5.10298844	5.18704105	5.52501824	3.23053413	1.75416054	0.00000000	2.16862558	3.70858474	4.39011990	1.73759845	3.52877873	6.88530159	2.69169292	3.60840315	3.16638026	4.49541279	5.78819053	2.52197600	7.03879320	4.47288457	1.88650465	6.02192104	3.17494789	3.91109438	7.07404069	1.55955832	2.35871378	3.04543324	1.14273255	5.13837191	4.89441699	3.22148557	2.55215580	3.81455853	1.70925647	3.76473400	3.36150365	5.13258326	2.14195064	2.42606129	4.56500131	3.82384997
1.68616385	0.90336731	1.02621354	3.53826426	1.98531391	1.16233381	7.29805565	3.14391955	4.67801714	5.19858625	5.89843363	3.34202786	2.92742739	2.16862558	0.00000000	1.64675720	3.12422601	1.62200177	4.55692613	6.75639882	1.95206218	1.69402839	3.67681020	2.32754010	6.21093342	1.47102101	6.93643258	2.45290433	0.51672006	6.22086837	2.97551105	1.77415003	7.18109126	3.12367039	1.51167433	0.92564663	1.52813323	4.46727370	4.92779271	1.05341487	2.89248708	2.16080989	0.59736608	2.69920535	1.20976884	5.14551765	3.26036386	1.35742644	3.61649828	2.10461286
3.06588363	1.99297241	0.80039812	5.05451188	1.56999343	1.79821526	8.62204316	4.75639640	5.66224864	6.37923427	7.20634660	4.71659648	4.56077568	3.70858474	1.64675720	0.00000000	2.19054175	3.19292737	6.11995401	7.78121962	2.10899557	1.90661503	5.15180491	1.09595145	7.52723214	2.72810576	7.96845202	0.80850474	1.82221440	7.43820287	4.27285140	1.23307964	8.31602586	4.77042735	1.92809783	1.26403908	3.17401554	5.31468726	6.13629226	0.89890219	4.38626416	1.07586545	1.99941515	2.12147374	0.57926614	6.33016483	4.87852100	2.65447536	2.88912205	0.94321837
4.80713889	2.73624708	2.18260788	6.61257664	1.19584260	3.82906973	10.42142990	6.09074824	7.69684175	8.30166107	9.02263752	6.46587840	5.80824554	4.39011990	3.12422601	2.19054175	0.00000000	4.69912504	7.56399287	9.80734579	1.71617054	4.06015960	6.77461501	3.08577066	9.33508388	4.55518699	9.99139164	2.00963353	2.89899411	9.33569784	6.09355215	3.42275508	10.27695373	5.83663468	2.03829677	3.28155296	4.41680877	7.40380049	8.03703276	2.96302335	5.99046221	1.12311661	3.03978066	0.66229009	2.67123117	8.24948316	6.18601193	4.45201145	0.74530400	1.24918710
0.61898830	2.06446563	2.64770542	1.92029921	3.51973050	1.78429538	5.75083500	1.57486833	3.50458400	3.79894095	4.37654233	1.83529603	1.43299776	1.73759845	1.62200177	3.19292737	4.69912504	0.00000000	2.93925572	5.45022824	3.28708931	2.25547726	2.07573433	3.59086940	4.67900798	0.89732698	5.61927695	3.99671967	1.81087043	4.76276634	1.59613569	2.83680423	5.77177940	1.78528984	2.83608589	2.07180770	0.60915575	3.46224935	3.51208527	2.39332165	1.29275672	3.78022229	1.69449027	4.20872020	2.66294873	3.74405724	1.70325291	0.84537356	5.11870099	3.72651145
3.10811824	4.83774464	5.58299789	1.11122358	6.36893432	4.52605043	3.32616763	1.48515302	3.13391236	2.50760031	2.29336383	1.77884251	1.80567977	3.52877873	4.55692613	6.11995401	7.56399287	2.93925572	0.00000000	4.02942902	6.00482949	4.83514552	1.14492669	6.38186526	2.47390261	3.48878172	4.13045558	6.91671728	4.67260198	2.90539201	2.27060795	5.58105703	3.93166806	2.00457559	5.58563661	4.93516492	3.14754827	3.55255728	2.28905668	5.28272781	1.77372874	6.70469145	4.52516825	7.01864921	5.57239998	2.46947784	1.41042924	3.52761204	7.89955954	6.65763081
5.10848308	7.45429161	7.62548797	4.04789568	8.73145414	6.00280763	2.10089958	4.91285417	2.11928581	1.70002067	1.83428204	3.66930080	5.25078929	6.88530159	6.75639882	7.78121962	9.80734579	5.45022824	4.02942902	0.00000000	8.66086864	5.91119995	3.76796744	7.44112201	1.83140769	5.28579969	0.18886645	8.40599934	7.13242106	1.20741098	3.85862388	6.71646929	0.81971727	5.68445988	8.20525305	6.55358894	5.98968424	2.51693913	1.99181831	6.90127527	4.33677288	8.72650078	7.06200402	9.44829800	7.21727429	1.75401234	4.94152532	5.39908763	10.36215500	8.62576216
3.55252789	1.22296600	1.49066918	5.13376483	0.71858041	3.00625539	9.02741808	4.51972742	6.60845455	7.05606428	7.66264798	5.11915981	4.21191302	2.69169292	1.95206218	2.10899557	1.71617054	3.28708931	6.00482949	8.66086864	0.00000000	3.43547442	5.32909809	3.20301616	7.96294840	3.40095371	8.83740155	2.54174785	1.52894322	8.04391080	4.82251267	3.11281422	9.03870874	4.18273845	0.45590173	2.55405851	2.88684945	6.41686945	6.77514223	2.38676525	4.56206443	1.49204225	1.60526505	1.07456849	2.23579386	7.00178639	4.60145975	3.28191278	1.89989987	1.57777224
1.79700494	2.58484347	2.01111893	3.72392321	3.18572673	0.56580626	6.91185497	3.72323313	3.79988748	4.59824079	5.50434160	3.18499046	3.65768800	3.60840315	1.69402839	1.90661503	4.06015960	2.25547726	4.83514552	5.91119995	3.43547442	0.00000000	3.73704465	1.62410595	5.82669183	1.41188442	6.09950419	2.49554239	2.20604452	5.66263775	2.68748484	0.82896646	6.48462846	4.04048820	3.05523279	0.88142087	2.60407087	3.42082932	4.37937510	1.11374717	3.07035940	2.93826238	2.28734716	3.86245368	1.38919820	4.55274293	3.86065887	1.42408988	4.71612850	2.81819891
2.08817929	4.11533830	4.69266994	0.28324712	5.59487013	3.47416462	3.70247137	1.14748026	2.32978539	2.07542215	2.37671824	0.63883966	1.48288583	3.16638026	3.67681020	5.15180491	6.77461501	2.07573433	1.14492669	3.76796744	5.32909809	3.73704465	0.00000000	5.31644432	2.65855878	2.44773326	3.90963426	5.93097549	3.88443005	2.85554644	1.12575873	4.50908125	3.90834991	1.93050907	4.88577733	3.92409743	2.45361173	2.63224946	1.79071676	4.28297151	0.78501402	5.83619935	3.76040881	6.27981501	4.58654616	2.02337654	1.18977376	2.50554391	7.18594382	5.77398322
3.27834706	2.92924546	1.80541732	5.27614858	2.65445997	1.85696256	8.52994408	5.15248487	5.35577189	6.20331469	7.12530195	4.79007504	5.02196520	4.49541279	2.32754010	1.09595145	3.08577066	3.59086940	6.38186526	7.44112201	3.20301616	1.62410595	5.31644432	0.00000000	7.44744291	2.89387559	7.62998713	1.12664983	2.67010041	7.26607068	4.29977725	0.80927866	8.05392599	5.32170794	2.99650188	1.53285328	3.74587884	4.92569176	5.99272165	1.27969538	4.60824096	2.05547574	2.83022276	3.14770818	1.15437024	6.15928350	5.28519631	2.86314645	3.82267195	1.91635437
4.53323326	6.74195766	7.18971304	2.89325234	8.17818098	5.74256592	1.09492327	3.68964940	2.40057729	1.34424472	0.32252164	2.86952055	4.04404089	5.78819053	6.21093342	7.52723214	9.33508388	4.67900798	2.47390261	1.83140769	7.96294840	5.82669183	2.65855878	7.44744291	0.00000000	4.82075699	1.86415616	8.25199656	6.48251624	0.64373952	3.26306215	6.65447105	1.49239832	4.38084698	7.51399465	6.26341616	5.10626725	2.97399039	1.48093465	6.62931607	3.40338342	8.33506000	6.37300411	8.87843958	6.94804340	1.37156622	3.67478449	4.91112941	9.79238110	8.25675776
0.38921086	2.23576420	2.38168322	2.38650067	3.44842637	1.03730561	5.91490830	2.31210050	3.20995557	3.74648713	4.50240468	1.98853277	2.25122097	2.52197600	1.47102101	2.72810576	4.55518699	0.89732698	3.48878172	5.28579969	3.40095371	1.41188442	2.44773326	2.89387559	4.82075699	0.00000000	5.46622500	3.49143570	1.87943371	4.78377952	1.55771477	2.09762050	5.72377782	2.65657437	2.94954517	1.48031254	1.39308473	3.02754455	3.48284060	1.84315452	1.71605486	3.52045248	1.84254800	4.16465096	2.15381136	3.69429758	2.44929990	0.12270297	5.08040234	3.43807602
5.28487555	7.62916739	7.80927903	4.18805501	8.91286071	6.18896648	2.03048059	5.05181372	2.30625763	1.85183316	1.89866854	3.82975497	5.39226982	7.03879320	6.93643258	7.96845202	9.99139164	5.61927695	4.13045558	0.18886645	8.83740155	6.09950419	3.90963426	7.62998713	1.86415616	5.46622500	0.00000000	8.59441648	7.30933401	1.26394158	4.03002053	6.90513144	0.69603791	5.81904421	8.38167261	6.73963807	6.15435630	2.70571577	2.14460213	7.08784330	4.49339158	8.91184220	7.23735409	9.62961952	7.40404942	1.90639983	5.07696158	5.57901538	10.54390041	8.81149148
3.84281242	2.71282703	1.53602153	5.84329096	1.86890453	2.51077986	9.34513382	5.56309221	6.29535968	7.06806106	7.92994835	5.47426229	5.36925318	4.47288457	2.45290433	0.80850474	2.00963353	3.99671967	6.91671728	8.40599934	2.54174785	2.49554239	5.93097549	1.12664983	8.25199656	3.49143570	8.59441648	0.00000000	2.59156001	8.13153586	5.01604459	1.69803830	8.97630046	5.57589923	2.48537392	2.01138208	3.98091269	5.90760717	6.83587133	1.64878100	5.17284472	1.12355131	2.77081702	2.19068046	1.34613676	7.02066737	5.68582239	3.42621815	2.75463487	1.00086262
2.02479062	0.38829590	1.05859092	3.71510546	1.71139480	1.67900683	7.55896505	3.21146087	5.08168157	5.53589319	6.17643494	3.62052223	2.95095008	1.88650465	0.51672006	1.82221440	2.89899411	1.81087043	4.67260198	7.13242106	1.52894322	2.20604452	3.88443005	2.67010041	6.48251624	1.87943371	7.30933401	2.59156001	0.00000000	6.53544295	3.30149698	2.21155033	7.51996075	3.06172540	1.07411802	1.40105138	1.53563020	4.90482171	5.25745016	1.44741633	3.10322715	2.06568188	0.17949530	2.39819053	1.51636932	5.48188351	3.31464236	1.75887351	3.31009276	2.04201607
4.53507971	6.82149078	7.16541757	3.11833186	8.20419064	5.64056040	1.35869964	3.96165364	2.01498534	1.06450183	0.63540336	2.92749638	4.31249676	6.02192104	6.22086837	7.43820287	9.33569784	4.76276634	2.90539201	1.20741098	8.04391080	5.66263775	2.85554644	7.26607068	0.64373952	4.78377952	1.26394158	8.13153586	6.53544295	0.00000000	3.24542782	6.49065594	1.05782710	4.69881222	7.58996226	6.17769176	5.24211823	2.56831950	1.30380883	6.54017126	3.53562532	8.30103238	6.44056775	8.91404207	6.86045418	1.11099063	3.96770826	4.88433708	9.83150523	8.21403186
1.28967799	3.60629302	3.93236542	1.22105198	4.95892980	2.50887346	4.35734225	1.71950191	1.93269981	2.23441520	2.94474717	0.50813464	1.91217099	3.17494789	2.97551105	4.27285140	6.09355215	1.59613569	2.27060795	3.85862388	4.82251267	2.68748484	1.12575873	4.29977725	3.26306215	1.55771477	4.03002053	5.01604459	3.30149698	3.24542782	0.00000000	3.49121023	4.21850034	2.43444565	4.36678957	3.01194306	2.16192512	1.98901359	1.95690920	3.37814460	0.81466780	5.07524351	3.21770577	5.66960051	3.69469843	2.18038667	1.83438301	1.64982968	6.58722428	4.99487584
2.48493014	2.53806978	1.62221961	4.47332389	2.71320907	1.06697866	7.74038808	4.38064457	4.61286074	5.42638848	6.33205168	3.98083059	4.26934040	3.91109438	1.77415003	1.23307964	3.42275508	2.83680423	5.58105703	6.71646929	3.11281422	0.82896646	4.50908125	0.80927866	6.65447105	2.09762050	6.90513144	1.69803830	2.21155033	6.49065594	3.49121023	0.00000000	7.30406550	4.59784267	2.80734489	0.86566602	3.05518511	4.21211089	5.20833314	0.77837156	3.80746745	2.30842157	2.34501797	3.32826352	0.87850916	5.38110554	4.51516205	2.07490662	4.12082585	2.17629791
5.50277039	7.81917643	8.09700536	4.17371392	9.16623100	6.52104244	1.37400013	5.01925413	2.69903465	1.98440607	1.63856444	3.94212177	5.36979138	7.07404069	7.18109126	8.31602586	10.27695373	5.77177940	3.93166806	0.81971727	9.03870874	6.48462846	3.90834991	8.05392599	1.49239832	5.72377782	0.69603791	8.97630046	7.51996075	1.05782710	4.21850034	7.30406550	0.00000000	5.75585260	8.58335435	7.06721958	6.26995442	3.17340792	2.26359749	7.42393346	4.57052142	9.22006980	7.43344619	9.88011395	7.74325456	2.03821659	5.02547975	5.83029328	10.79755720	9.12661911
2.30491422	3.11887888	4.09086304	1.64728070	4.65159559	3.56173708	5.31037954	0.79021132	4.18295683	4.00176502	4.14692044	2.25111788	0.52227566	1.55955832	3.12367039	4.77042735	5.83663468	1.78528984	2.00457559	5.68445988	4.18273845	4.04048820	1.93050907	5.32170794	4.38084698	2.65657437	5.81904421	5.57589923	3.06172540	4.69881222	2.43444565	4.59784267	5.75585260	0.00000000	3.80306896	3.78885753	1.59892836	4.37618282	3.71978825	4.07250193	1.62775924	5.12123802	2.88960305	5.24033472	4.30183127	3.95052628	0.74337148	2.62257671	6.07821653	5.10306655
3.09682552	0.77205634	1.20727058	4.69523008	0.88553818	2.59924116	8.58108246	4.10195420	6.15521413	6.60050132	7.21253256	4.66626513	3.80257496	2.35871378	1.51167433	1.92809783	2.03829677	2.83608589	5.58563661	8.20525305	0.45590173	3.05523279	4.88577733	2.99650188	7.51399465	2.94954517	8.38167261	2.48537392	1.07411802	7.58996226	4.36678957	2.80734489	8.58335435	3.80306896	0.00000000	2.17726958	2.45275313	5.96956733	6.31983358	2.05164531	4.11540141	1.55686294	1.15004117	1.44081967	1.94589257	6.54624838	4.18842503	2.82993621	2.31499644	1.60736073
1.83806967	1.75951936	1.15218816	3.84725646	2.33015382	0.55115553	7.35817501	3.64378287	4.43548529	5.12072781	5.94243179	3.46379484	3.49695410	3.04543324	0.92564663	1.26403908	3.28155296	2.07180770	4.93516492	6.55358894	2.55405851	0.88142087	3.92409743	1.53285328	6.26341616	1.48031254	6.73963807	2.01138208	1.40105138	6.17769176	3.01194306	0.86566602	7.06721958	3.78885753	2.17726958	0.00000000	2.21754028	4.12327213	4.87490017	0.36625444	3.17511019	2.17826103	1.51492643	3.02346618	0.68477404	5.07116066	3.77393384	1.41882448	3.90110099	2.07330040
1.19995110	1.69347987	2.51804046	2.24835891	3.22147630	2.07171119	6.15602162	1.67695167	4.08798422	4.31625997	4.81515608	2.33203397	1.41938969	1.14273255	1.52813323	3.17401554	4.41680877	0.60915575	3.14754827	5.98968424	2.88684945	2.60407087	2.45361173	3.74587884	5.10626725	1.39308473	6.15435630	3.98091269	1.53563020	5.24211823	2.16192512	3.05518511	6.26995442	1.59892836	2.45275313	2.21754028	0.00000000	4.06549498	4.02548287	2.48258804	1.70958827	3.59492553	1.38075840	3.87565374	2.70400475	4.26117335	1.77901267	1.30623145	4.76650081	3.56228853
2.96417183	5.26317744	5.24013828	2.87472608	6.38824535	3.57473336	3.92518730	3.61185435	0.57471372	1.63943075	2.69356327	2.13658838	3.85894153	5.13837191	4.46727370	5.31468726	7.40380049	3.46224935	3.55255728	2.51693913	6.41686945	3.42082932	2.63224946	4.92569176	2.97399039	3.02754455	2.70571577	5.90760717	4.90482171	2.56831950	1.98901359	4.21211089	3.17340792	4.37618282	5.96956733	4.12327213	4.06549498	0.00000000	1.59847310	4.45525119	2.75570293	6.30008297	4.86945206	7.10167696	4.76433088	1.62193056	3.70370131	3.14939948	8.00202911	6.19120982
3.24460030	5.55564345	5.86394051	2.07342708	6.91278579	4.33941089	2.54161537	2.93810970	1.04010147	0.29288152	1.16798314	1.69377621	3.26925300	4.89441699	4.92779271	6.13629226	8.03703276	3.51208527	2.28905668	1.99181831	6.77514223	4.37937510	1.79071676	5.99272165	1.48093465	3.48284060	2.14460213	6.83587133	5.25745016	1.30380883	1.95690920	5.20833314	2.26359749	3.71978825	6.31983358	4.87490017	4.02548287	1.59847310	0.00000000	5.23789151	2.34968458	6.99805527	5.16988738	7.62482650	5.55814332	0.23820232	2.97713468	3.58502621	8.54249968	6.91052154
2.19514803	1.76212467	0.91410390	4.20043089	2.07742647	0.90289999	7.72402648	3.96818873	4.78215349	5.48203154	6.30824767	3.82870903	3.80563124	3.22148557	1.05341487	0.89890219	2.96302335	2.39332165	5.28272781	6.90127527	2.38676525	1.11374717	4.28297151	1.27969538	6.62931607	1.84315452	7.08784330	1.64878100	1.44741633	6.54017126	3.37814460	0.77837156	7.42393346	4.07250193	2.05164531	0.36625444	2.48258804	4.45525119	5.23789151	0.00000000	3.52884085	1.84802687	1.59137568	2.74882524	0.32028558	5.43273726	4.09613582	1.77767220	3.60561152	1.73630465
1.33918007	3.34366025	3.91011253	0.67226186	4.81247841	2.75298745	4.46569547	0.90679109	2.60860997	2.64253985	3.10816533	0.68275612	1.10666356	2.55215580	2.89248708	4.38626416	5.99046221	1.29275672	1.77372874	4.33677288	4.56206443	3.07035940	0.78501402	4.60824096	3.40338342	1.71605486	4.49339158	5.17284472	3.10322715	3.53562532	0.81466780	3.80746745	4.57052142	1.62775924	4.11540141	3.17511019	1.70958827	2.75570293	2.34968458	3.52884085	0.00000000	5.05251338	2.98276329	5.50037485	3.82675937	2.58771779	1.02611370	1.75961716	6.40872648	4.99156273
3.80452557	2.03034073	1.14744349	5.69872503	0.78024292	2.72895859	9.42730470	5.26337331	6.61039145	7.25542236	8.01846832	5.47633663	5.01365709	3.81455853	2.16080989	1.07586545	1.12311661	3.78022229	6.70469145	8.72650078	1.49204225	2.93826238	5.83619935	2.05547574	8.33506000	3.52045248	8.91184220	1.12355131	2.06568188	8.30103238	5.07524351	2.30842157	9.22006980	5.12123802	1.55686294	2.17826103	3.59492553	6.30008297	6.99805527	1.84802687	5.05251338	0.00000000	2.23341442	1.09569398	1.55034059	7.20425298	5.37118866	3.42541408	1.81341839	0.13925903
1.95521065	0.39513279	1.23808417	3.58352163	1.84666533	1.74498033	7.44517916	3.05767636	5.02708994	5.45088091	6.06932176	3.51861095	2.79034906	1.70925647	0.59736608	1.99941515	3.03978066	1.69449027	4.52516825	7.06200402	1.60526505	2.28734716	3.76040881	2.83022276	6.37300411	1.84254800	7.23735409	2.77081702	0.17949530	6.44056775	3.21770577	2.34501797	7.43344619	2.88960305	1.15004117	1.51492643	1.38075840	4.86945206	5.16988738	1.59137568	2.98276329	2.23341442	0.00000000	2.51992008	1.67875344	5.39658035	3.15820696	1.72033703	3.42602349	2.21351253
4.38037934	2.18220890	1.87390024	6.10257780	0.71695712	3.55114606	9.95670359	5.53712125	7.35511568	7.89710212	8.57075312	6.01237148	5.24181653	3.76473400	2.69920535	2.12147374	0.66229009	4.20872020	7.01864921	9.44829800	1.07456849	3.86245368	6.27981501	3.14770818	8.87843958	4.16465096	9.62961952	2.19068046	2.39819053	8.91404207	5.66960051	3.32826352	9.88011395	5.24033472	1.44081967	3.02346618	3.87565374	7.10167696	7.62482650	2.74882524	5.50037485	1.09569398	2.51992008	0.00000000	2.49554770	7.84388779	5.62607051	4.05406451	0.91767368	1.23371982
2.49855177	1.78071285	0.74670537	4.49715607	1.85051492	1.22251892	8.04283581	4.23560524	5.09800160	5.80228201	6.62712068	4.14152546	4.05859552	3.36150365	1.20976884	0.57926614	2.67123117	2.66294873	5.57239998	7.21727429	2.23579386	1.38919820	4.58654616	1.15437024	6.94804340	2.15381136	7.40404942	1.34613676	1.51636932	6.86045418	3.69469843	0.87850916	7.74325456	4.30183127	1.94589257	0.68477404	2.70400475	4.76433088	5.55814332	0.32028558	3.82675937	1.55034059	1.67875344	2.49554770	0.00000000	5.75300544	4.36119555	2.08383445	3.33107260	1.43323599
3.46503616	5.78342051	6.07343546	2.30554732	7.13082838	4.53207979	2.39702911	3.17081221	1.04809971	0.05508763	1.07645545	1.93008836	3.50374354	5.13258326	5.14551765	6.33016483	8.24948316	3.74405724	2.46947784	1.75401234	7.00178639	4.55274293	2.02337654	6.15928350	1.37156622	3.69429758	1.90639983	7.02066737	5.48188351	1.11099063	2.18038667	5.38110554	2.03821659	3.95052628	6.54624838	5.07116066	4.26117335	1.62193056	0.23820232	5.43273726	2.58771779	7.20425298	5.39658035	7.84388779	5.75300544	0.00000000	3.20741596	3.79844953	8.76148992	7.11487746
2.06396499	3.45122140	4.27627446	0.90670115	4.99025496	3.44988373	4.63826127	0.13825375	3.47362211	3.25855481	3.42906074	1.56715965	0.39571157	2.14195064	3.26036386	4.87852100	6.18601193	1.70325291	1.41042924	4.94152532	4.60145975	3.86065887	1.18977376	5.28519631	3.67478449	2.44929990	5.07696158	5.68582239	3.31464236	3.96770826	1.83438301	4.51516205	5.02547975	0.74337148	4.18842503	3.77393384	1.77901267	3.70370131	2.97713468	4.09613582	1.02611370	5.37118866	3.15820696	5.62607051	4.36119555	3.20741596	0.00000000	2.44964683	6.49911061	5.33466101
0.42044707	2.11378572	2.28330996	2.43177481	3.33838022	1.00839752	6.00451269	2.31350797	3.32754791	3.85093354	4.59373228	2.06699196	2.23395250	2.42606129	1.35742644	2.65447536	4.45201145	0.84537356	3.52761204	5.39908763	3.28191278	1.42408988	2.50554391	2.86314645	4.91112941	0.12270297	5.57901538	3.42621815	1.75887351	4.88433708	1.64982968	2.07490662	5.83029328	2.62257671	2.82993621	1.41882448	1.30623145	3.14939948	3.58502621	1.77767220	1.75961716	3.42541408	1.72033703	4.05406451	2.08383445	3.79844953	2.44964683	0.00000000	4.97045481	3.34564962
5.29804582	3.07585003	2.76292734	7.00342282	1.63207784	4.43838286	10.86882604	6.41509919	8.26532531	8.81468322	9.48552606	6.92777667	6.11065625	4.56500131	3.61649828	2.88912205	0.74530400	5.11870099	7.89955954	10.36215500	1.89989987	4.71612850	7.18594382	3.82267195	9.79238110	5.08040234	10.54390041	2.75463487	3.31009276	9.83150523	6.58722428	4.12082585	10.79755720	6.07821653	2.31499644	3.90110099	4.76650081	8.00202911	8.54249968	3.60561152	6.40872648	1.81341839	3.42602349	0.91767368	3.33107260	8.76148992	6.49911061	4.97045481	0.00000000	1.94808472
3.73046922	2.03302725	1.08145538	5.64197658	0.87816338	2.62445450	9.34991039	5.22469011	6.50835448	7.16573829	7.93932843	5.40278743	4.98167645	3.82384997	2.10461286	0.94321837	1.24918710	3.72651145	6.65763081	8.62576216	1.57777224	2.81819891	5.77398322	1.91635437	8.25675776	3.43807602	8.81149148	1.00086262	2.04201607	8.21403186	4.99487584	2.17629791	9.12661911	5.10306655	1.60736073	2.07330040	3.56228853	6.19120982	6.91052154	1.73630465	4.99156273	0.13925903	2.21351253	1.23371982	1.43323599	7.11487746	5.33466101	3.34564962	1.94808472	0.00000000

EDGE_KM_T
0.00000000	3.09695427	3.74170668	2.45296407	5.16445211	1.55333723	7.92958749	2.25015961	3.90088725	4.90863226	5.96027978	2.34261923	2.43360473	3.02929584	2.38028641	4.09173300	6.79862078	0.85260273	3.62212200	6.88761181	4.80718418	2.07216169	2.72254081	3.61056966	6.39996112	0.40425635	7.15409108	5.00060156	2.75802995	6.38972859	1.81633845	2.60930915	7.66820913	3.14293644	4.18532287	2.32466531	1.53425134	3.34542904	4.54731470	2.83036394	1.62597036	5.34967266	2.59222434	6.14989264	3.28211081	4.83690915	2.42207476	0.51289666	7.43767954	5.22520084
3.09670901	0.00000000	1.56063515	5.54961530	2.06741942	2.47846549	11.02587858	4.63254656	6.99726346	8.00501481	9.05666268	5.43921309	4.16627113	1.82671442	1.05769069	2.63712001	3.70151975	2.89842616	6.71876643	9.98380360	1.71011760	3.27445970	5.81915976	4.11080876	9.49632585	2.72314733	10.25026867	3.33091567	0.43209861	9.48604197	4.91293442	3.55633731	10.76440529	3.96088949	1.08830149	2.36561524	2.37177667	6.44180309	7.64372941	2.47783804	4.72264202	2.25269146	0.50468745	3.05279009	2.51157002	7.93329753	4.72567418	2.58382445	4.34049423	2.12823545
3.74128893	1.56057432	0.00000000	6.19412794	1.42246259	2.18798593	11.66997198	5.27717393	7.64145593	8.64921467	9.70086294	6.08365895	4.81094166	3.38728421	1.36131428	1.07643660	3.05648333	3.54307588	7.36327117	10.62778142	1.81920775	2.26994387	6.46363483	2.54999550	10.14050495	3.36772521	10.89422996	1.77024654	1.12852692	10.13016131	5.55738274	1.99549438	11.40838818	4.60562077	1.64872053	1.41676703	3.01650666	7.08599304	8.28796670	0.91708143	5.36717844	1.60779458	1.32073631	2.40775188	0.95084117	8.57750416	5.37030678	3.22841846	3.69535966	1.48335699
2.45308278	5.55054089	6.19518598	0.00000000	7.61819987	4.00645250	5.47736314	0.91736969	3.37310707	2.45622007	3.50786687	1.11594595	1.38375833	3.79199315	4.83366509	6.54512715	9.25250894	2.65154874	1.16917188	4.43559140	7.26100155	3.92428323	0.29622754	6.06373472	3.94758553	2.82663911	4.70209982	7.45402092	5.21152622	3.93745847	1.60525746	5.06242184	5.21617976	1.70327854	6.63904738	4.77788419	3.17840876	3.96645607	2.09483645	5.28362894	0.82703567	7.80331463	5.04572370	8.60378396	5.73542479	2.38448499	0.98224275	2.96600429	9.89174087	7.67881033
5.16365672	2.06730513	1.42242432	7.61647881	0.00000000	3.61035835	13.09221734	6.69955366	9.06372623	10.07148683	11.12313521	7.50599301	6.23333224	3.82587041	2.78372426	1.94426818	1.63400072	4.96546123	8.78562004	12.04999769	0.95131584	3.69230162	7.88597624	3.41779442	11.56277189	4.79009249	12.31644207	2.63808172	2.40612136	11.55241320	6.97971742	2.86328583	12.83060573	6.02802664	0.97910145	2.83915422	4.43891220	8.50826271	9.71024828	2.33351075	6.78953529	1.08776640	2.57193067	0.98526883	1.88182248	9.99977803	6.79268782	4.65078979	2.27285237	1.24043778
1.55331362	2.47835222	2.18810478	4.00619139	3.61065502	0.00000000	9.48227699	3.52623975	5.45370385	6.46145833	7.51310637	3.89576087	3.70962951	4.30506472	1.42071150	2.53819300	5.24472159	2.12865420	5.17533916	8.44015304	3.25333646	0.79596949	4.27571992	2.05719622	7.95276057	1.17975107	8.70661110	3.44704323	2.04627533	7.94245137	3.36948324	1.07787121	9.22075687	4.41888329	2.63154267	0.77125273	2.81019985	4.89824241	6.10018880	1.27691784	3.17922818	3.79595248	2.23848572	4.59599118	1.72862909	6.38974392	3.69814819	1.04043502	5.88365445	3.67150428
7.93146882	11.02952727	11.67404447	5.47824460	13.09737821	9.48487725	0.00000000	6.39585548	4.02908337	3.02136691	1.96972097	5.58833122	6.86233485	9.27098905	10.31240371	12.02388421	14.73185458	8.13008153	4.30905610	2.78264706	12.74026285	9.40258536	5.20852257	11.54221880	1.52995782	8.30502087	2.76505369	12.93280801	10.69040494	1.53995921	6.11462149	10.54084354	1.92557510	7.06800360	12.11819804	10.25643241	8.65711027	4.58453185	3.38282924	10.76223210	6.30533026	13.28236695	10.52460611	14.08313334	11.21408632	3.09311625	6.30275260	8.44441995	15.37129283	13.15782395
2.25024102	4.63315965	5.27780769	0.91736413	6.70081420	3.52632682	6.39470691	0.00000000	4.18340432	3.37356901	4.42521583	1.92625551	0.46638654	2.87461170	3.91628957	5.62775120	8.33511942	1.73417796	2.08653562	5.35292955	6.34361398	4.32247120	1.18700534	5.15859743	4.86493347	2.65450087	5.61943717	6.53664428	4.29414747	4.85480350	2.41556714	4.60420239	6.13351816	0.89295514	5.72166235	3.86051306	2.26103409	4.77675321	3.01218722	4.36625654	1.27923721	6.88593187	4.12834486	7.68639435	4.81805104	3.30183427	0.17192413	2.55103173	8.97434661	6.76142847
3.90123293	6.99844192	7.64314008	3.37282782	9.06602122	5.45458659	4.02878865	4.18304611	0.00000000	1.11892916	2.17670150	2.25694012	4.36652973	5.23989023	6.28166894	7.99312335	10.70026086	4.09963800	4.42291655	2.98691612	8.70878848	5.37246819	3.07663305	7.51184419	2.49908579	4.27479104	3.25341013	8.90200466	6.65947193	2.48890660	2.08477707	6.51055720	3.76750891	5.07591564	8.08688022	6.22596705	4.62642801	0.59334681	1.32127909	6.73168900	2.90388382	9.25118829	6.49366788	10.05153432	7.18346063	1.14930841	4.35496593	4.41414216	11.33940715	9.12670006
4.90933763	8.00682184	8.65146137	2.45624870	10.07448915	6.46270904	3.02115283	3.37362889	1.11893627	0.00000000	1.05777273	2.56646961	3.84002147	6.24827452	7.28993528	9.00139814	11.70880549	5.10780998	3.30428121	1.97939169	9.71729444	6.38053443	2.18660223	8.51999384	1.49136737	5.28289378	2.24590163	9.91029322	7.66780249	1.48124578	3.09275494	7.51867825	2.75997958	4.04556805	9.09533546	7.23414610	5.63467733	1.71228551	0.36138704	7.73989324	3.28328655	10.25959845	7.50200014	11.06008067	8.19169163	0.07173570	3.28051548	5.42226044	12.34804637	10.13509247
5.96134724	9.05910437	9.70368576	3.50819401	11.12685896	7.51473624	1.96960820	4.42568384	2.17671645	1.05777312	0.00000000	3.61835109	4.89211767	7.30056137	8.34210517	10.05357641	12.76125136	6.15988630	2.33901386	2.42251537	10.76970196	7.43250590	3.23851163	9.57204801	0.43974082	6.33490144	2.40490455	10.96248514	8.72003608	0.78922060	4.14463878	8.57070406	1.70854057	5.09772231	10.14769268	8.28622943	6.68683035	2.77006810	1.41306920	8.79200155	4.33525458	11.31191096	8.55423540	12.11252824	9.24382647	1.12338855	4.33257543	6.47428350	13.40058605	11.18738738
2.34278127	5.44008070	6.08475959	1.11590884	7.50768893	3.89614076	5.58739431	1.92616346	2.25702033	2.56631040	3.61795743	0.00000000	2.10966074	3.68153045	4.72327039	6.43472758	9.14195378	2.54120845	2.16599507	4.54555836	7.15046868	3.81400390	0.81970218	5.95340730	4.05766433	2.71633874	4.81205760	7.34361341	5.10109449	4.04750406	0.52628375	4.95211091	5.32614954	2.81906590	6.52854376	4.66753982	3.06802387	2.85036794	2.20494759	5.17327004	0.71675833	7.69283701	4.93529100	8.49322780	5.62505047	2.49457909	2.09808494	2.85569496	9.78113117	7.56834294
2.43374858	4.16674812	4.81140395	1.38373043	6.23439097	3.70983674	6.86101947	0.46638101	4.36686221	3.83989522	4.89154209	2.10974588	0.00000000	2.40819958	3.44989314	5.16135365	7.86868599	1.58103503	2.55290091	5.81922729	5.87718569	4.50597364	1.65336683	5.34211096	5.33125702	2.83800816	6.08573279	6.07024490	3.82774250	5.32111938	2.59905783	4.78771212	6.59981655	0.70942818	5.25524081	3.59684280	1.79463993	4.96021077	3.47851822	3.89986837	1.46273919	6.41951632	3.66193967	7.21996069	4.35165932	3.76816134	0.55949583	2.73454109	8.50790059	6.29501528
3.02951818	1.82672178	3.38745580	3.79163651	3.82612010	4.30562146	9.26858117	2.87438131	5.23980502	6.24754438	7.29919158	3.68134284	2.40803575	0.00000000	2.88460402	4.46401909	5.46034977	2.17686196	4.96080049	8.22669404	3.46888242	5.10171046	4.06124204	5.93791887	7.73888913	3.43377609	8.49318597	5.15779152	2.25890362	7.72870240	3.19471934	5.38349565	9.00728748	2.20255536	2.84698076	4.19267576	1.49515184	5.55566007	5.88619813	4.30485609	2.96462458	4.01129469	2.06668963	4.81162301	4.33854294	6.17581607	2.96750043	3.33032226	6.09948378	3.88680877
